60 60 60 60 60; 5; 50.0129; 21.336
70 70 60; 14; 50.0129; 21.6683
50 50 50 50 50 50 50 50 50 50 50 50 50 50 50; 17; 50.0129; 19.3563
70 70 70 70 70; 30; 50.0129; 20.8928
70 70 70 70 70; 10; 50.0129; 21.051
60 60 60 60 60 70 70 70 70 70 70 70 70 70 70 70 70 70 70 70; 24; 49.9961; 17.5565
70 70 70 70 70 80 80 80 80 80 70; 30; 49.9961; 18.5899
50 50 50 50 50 50 50 50 50 50 50 50 50 50 50 80 80 60; 18; 49.9961; 18.177
70 70 70 70 70 70 70 70 70 70 60; 10; 49.9961; 19.0552
70 70 70 70 70 80 80 80 80 80 80 80 80 80 80 80 70; 54; 49.9961; 17.0289
70 70 60 70 70 70 70 70 70 70 70 70 50; 34; 49.9961; 18.3759
70 70 70 70 70 80 80 80 80 80 80 80 80 80 80 80 80 80 80 80 80 80 80 80 80; 66; 49.9961; 15.5717
70 70 70 70 70 50 50 50 50 50 50 50 50 50 50 50 50 50 50 50 50 50 50 50 50 50 50 50; 61; 49.9961; 16.5959
50 50 50 50 50 50 50 50 50 50 50 50 50 50 50 80 80 60 60 60 60 60 60 60 60 60 50; 25; 49.9961; 16.6738
50 50 50 50 50 50 50 50 50 50 50 50 50 50 50 80 80 60 60 60 60 60 60 60 60 60 60 60 60 60 60 60 60 60 60 60 60 60 60 60 60 60 60; 34; 49.9961; 15.1896
70 70 70 70 70 80 80 80 80 80 80 80 80 80 80 80 70 60 60 60 60 60 60 60 60 50; 54; 49.9961; 15.8506
70 70 70 70 70 80 80 80 80 80 80 80 80 80 80 80 70 40 40 40 40 40 40 40 40 40 40 40 40 40 40 40 40 40 40 40 40 40 40 40 40 40 40 40 40 40 40 40 40 40 40 40 40 40 40 40 40 30; 54; 49.9961; 13.8199
70 70 70 70 70 50 50 50 50 50 50 50 50 50 50 50 50 50 50 50 50 50 50 50 50 50 50 50 40 40 40 40 40 40 40 40 40 40 30; 61; 49.9961; 15.5614
60 60 60 60 60 70 70 60; 17; 49.9961; 19.6947
60 60 60 60 60 60 60 60 45; 6; 50.0129; 20.3037
80 80 80 80 80; 25; 50.0129; 20.409
60 60 60 60 60 70 70 70 70 70; 17; 49.9961; 19.3831
70 70 70 70 70 70 70 70 70 70 70 70 70 70 70; 24; 50.0129; 18.5519
80 80 80 80 80 80 80 80 80 80; 15; 50.0129; 18.9513
50 50 50 50 50 50 50 50 50 50 50 50 50; 41; 50.0129; 19.5845
60 60 60 60 60 60 60 60 45 70 70 70 70 70 70 70 70 70; 6; 49.9961; 18.0049
80 80 80 80 80 80 80 80 80 80 80 80 80 80 80 80 70; 54; 49.9961; 16.9071
80 80 80 80 80 50 50 50 50 50 50 50 50 50 50 50 50 50 50 50 50 50 50 50 50 50 50 50 50 50 50 50 50 50 50 50 50 50; 61; 49.9961; 15.6278
80 80 80 80 80 80 80 80 80 80 80 80 80 80 80 80 80 80 80 80 80 80 80 80 80; 66; 49.9961; 15.4875
80 80 80 80 80 50 50 50 50 50 50 50 50 50 50 50 50 50 50 50 50 50 50 50 50 50 50 50; 61; 49.9961; 16.4456
50 50 50 50 50 50 50 50 50 50 50 50 50 60 60 60 60 60 60 60 60 50; 41; 49.9961; 17.6608
50 50 50 50 50 50 50 50 50 50 50 50 50 60 60 60 60 60 60 60 60 60 60 60 60 60 60 60 60 60 60 60 60 60 60 60 60 60; 41; 49.9961; 15.9188
80 80 80 80 80 80 80 80 80 80 80 80 80 80 80 80 70 60 60 60 60 60 60 60 60 50; 54; 49.9961; 15.7136
80 80 80 80 80 80 80 80 80 80 80 80 80 80 80 80 70 40 40 40 40 40 40 40 40 40 40 40 40 40 40 40 40 40 40 40 40 40 40 40 40 40 40 40 40 40 40 40 40 40 40 40 40 40 40 40 40 30; 54; 49.9961; 13.7227
80 80 80 80 80 50 50 50 50 50 50 50 50 50 50 50 50 50 50 50 50 50 50 50 50 50 50 50 40 40 40 40 40 40 40 40 40 40 30; 61; 49.9961; 15.4808
70 70 60 50 50 50 50 50 50 50 50 50 50 50 50 50 50 50; 17; 49.9961; 18.2747
70 70 70 70 70; 24; 50.0129; 20.9331
80 80 80 80 60; 17; 350.006; 20.6946
70 70 70 70 70 80 80 80 80 80 80 80 80 80 80 80 80 80 80 80 80 80 80 80 80 30 30 30 30 30 30 30 30 30 30 30 30 30 30 30 30 30; 66; 49.9961; 14.6596
70 70 70 70 70 80 80 80 80 80 70; 24; 49.9961; 18.5879
50 50 50 50 50 50 50 50 50 50 50 50 50 50 50 50 50 50 50 50 50 50 50 50 50 50 50 50; 18; 50.0129; 17.5129
50 50 50 50 50 50 50 50 50 50 50 50 50 50 50; 18; 49.9961; 19.2363
70 70 70 70 70 70 70 70 70; 11; 50.0129; 19.934
70 70 70 70 70 70 70 70 70 50; 34; 50.0129; 19.4813
70 70 70 70 70 80 80 80 80 80 80 80 80 80 80 80 80 80 80 80 80 80 80 80 80; 66; 49.9961; 15.5408
70 70 70 70 70 50 50 50 50 50 50 50 50 50 50 50 50 50 50 50 50 50 50 50 50 50 50 50; 61; 49.9961; 16.6958
50 50 50 50 50 50 50 50 50 50 50 50 50 50 50 70 70 70 70 50 70 70 70 70; 18; 49.9961; 17.039
50 50 50 50 50 50 50 50 50 50 50 50 50 50 50 50 50 50 50 50 50 50 50 50 50 50 50 50 60 60 60 60 60 60 60 60 60 60 60 60 60 60 60 60 60 60 60 60 60 60 60 60 60; 34; 49.9961; 14.7412
50 50 50 50 50 50 50 50 50 50 50 50 50 50 50 70 70 70 70 50; 18; 49.9961; 17.8741
70 70 70 70 70 70 70 70 70 40 40 40 40 40 40 40 40 40 40 40 40 40 40 40 40 40 40 40 40 40 40 40 40 40 40 40 40 40 40 40 40 40 40 40 40 40 40 40 40 30; 52; 49.9961; 15.2891
70 70 70 70 70 70 70 70 70 50 80 80 80 80 80 80 70; 34; 49.9961; 17.4242
50 50 50 50 50 50 50 50 50 50 50 50 50 50 50 70 70 70 70 70; 30; 49.9961; 18.1106
80 80 80 80 50; 9; 50.0129; 20.6596
60 60 60 60 60 60 60 60 45 70 70 70 70 70 70 70 70 70 70 70 70 70 70 70; 24; 49.9961; 16.9335
60 60 60 60 60 60 60 60 45 80 80 80 80 80 80 80 80 80 80; 16; 49.9961; 17.0893
80 80 60; 18; 50.0129; 21.4063
70 70 70 70 70 70 70 70 70; 6; 50.0129; 19.9282
70 70 70 70 70 70 70 70 70 60 60 60 60 60; 11; 49.9961; 18.5544
50 50 50 50 50 50 50 50 50 50 50 50 50 50 50 70 70 60 70 70 70 70 70 70 70 70 70 50; 34; 49.9961; 16.5731
60 60 60 60 60 60 60 60 45 70 70 70 70 70 70 70 70 70 70 70 70 70 70 70 30 30 30 30 30 30 30 30 30 30 30 30 30 30 30 30 30; 28; 49.9961; 15.4688
50 50 50 50 50 50 50 50 50 50 50 50 50 50 50 70 70 70 70 70 50 50 50 50 50 50 50 50 50 50 50 50 50 50 50 50 50 50 50 50 50 50 50; 61; 49.9793; 15.2781
80 80 60 60 60 60 60 60 60 60 60 50; 25; 49.9961; 18.7652
80 80 60 60 60 60 60 60 60 60 60 60 60 60 60 60 60 60 60 60 60 60 60 60 60 60 60 60; 34; 49.9961; 16.3981
70 70 70 70 70 70 70 70 70 70 70 70 70 50; 13; 49.9961; 18.4368
70 70 70 70 70 70 70 70 70 60 60 60 60 60 40 40 40 40 40 40 40 40 40 40 40 40 40 40 40 40 40 40 40 40 40 40 40 40 40 40 40 40 40 40 40 40 40 40 40 40 40 40 40 40 30; 52; 49.9961; 14.6512
50 50 50 50 50 50 50 50 50 50 50 50 50 50 50 70 70 70 70 70 50 50 50 50 50 50 50 50 50 50 50 50 50 50 50 50 50 50 50 50 50 50 50 40 40 40 40 40 40 40 40 40 40 30; 61; 49.9961; 14.639
70 70 70 70 70 70 70 70 70 70; 25; 49.9961; 19.1192
80 80 80 80 80 80 80 80 80 80 80 80 80 80 80 80 80 80 80 80 30 30 30 30 30 30 30 30 30 30 30 30 30 30 30 30 30; 66; 50.0129; 15.3469
80 80 80 80 80 70; 24; 100.009; 20.2783
80 80 80 80 80 80 80 80 80 80 80 70 50 50 50 50 50 50 50 50 50 50 50 50 50 50 50 50 50; 54; 50.0129; 16.3555
70 70 70 70 70 50 50 50 50 50 50 50 50 50 50 50 50 50 50 50; 18; 49.9961; 18.0812
80 80 80 80 80 80 80 80 80 80 80 70; 54; 49.9961; 18.0413
50 50 50 50 50 50 50 50 50 50 50 50 50 50 50 50 50 50 50 50 50 50 50 50 50 50 50 50 50 50 50 50 50; 61; 50.0129; 16.7869
80 80 80 80 80 80 80 80 80 80 80 80 80 80 80 80 80 80 80 80; 66; 49.9961; 16.2304
50 50 50 50 50 50 50 50 50 50 50 50 50 50 50 50 50 50 50 50 50 50 50; 61; 49.9961; 17.6989
80 80 80 80 80 80 80 80 80 80 80 70 50 50 50 50 50 50 50 50 50 50 50 50 50 50 50 50 50 60 60 60 60 60 60 60 60 50; 54; 49.9961; 15.0328
80 80 80 80 80 80 80 80 80 80 80 70 50 50 50 50 50 50 50 50 50 50 50 50 50 50 50 50 50 60 60 60 60 60 60 60 60 60 60 60 60 60 60 60 60 60 60 60 60 60 60 60 60 60; 54; 49.9961; 13.9404
80 80 80 80 80 80 80 80 80 80 80 70 60 60 60 60 60 60 60 60 50; 54; 49.9961; 16.7266
80 80 80 80 80 80 80 80 80 80 80 70 40 40 40 40 40 40 40 40 40 40 40 40 40 40 40 40 40 40 40 40 40 40 40 40 40 40 40 40 40 40 40 40 40 40 40 40 40 40 40 40 30; 54; 49.9793; 14.2863
50 50 50 50 50 50 50 50 50 50 50 50 50 50 50 50 50 50 50 50 50 50 50 40 40 40 40 40 40 40 40 40 40 30; 61; 49.9961; 16.5357
70 70 70 70 70 60 60 60 60 60 70 70 70 70 70 70 70 70 70 70 70 70 70 70 70; 24; 49.9961; 16.5923
70 70 70 70 70 70 70 70 70 70 80 80 80 80 80 70; 30; 49.9793; 17.3527
80 80 80 80 50 80 80 60; 18; 49.9961; 19.173
70 70 70 70 70 60; 6; 50.0129; 20.7323
70 70 70 70 70 60 60 60 60 60 60; 11; 49.9961; 19.1419
80 80 80 80 60 70 70 70 70 70 70 70 70 70 50; 34; 49.9961; 17.8238
70 70 70 70 70 70 70 70 70 70 80 80 80 80 80 80 80 80 80 80 80 80 80 80 80 80 80 80 80 80; 66; 49.9961; 14.9
70 70 70 70 70 70 70 70 70 70 50 50 50 50 50 50 50 50 50 50 50 50 50 50 50 50 50 50 50 50 50 50 50; 61; 49.9793; 15.8212
80 80 80 80 50 80 80 60 60 60 60 60 60 60 60 60 50; 25; 49.9961; 17.4335
80 80 80 80 50 80 80 60 60 60 60 60 60 60 60 60 60 60 60 60 60 60 60 60 60 60 60 60 60 60 60 60 60; 34; 49.9961; 15.6145
70 70 70 70 70 60 70 70 70 70 50; 13; 49.9961; 19.0523
70 70 70 70 70 60 60 60 60 60 60 40 40 40 40 40 40 40 40 40 40 40 40 40 40 40 40 40 40 40 40 40 40 40 40 40 40 40 40 40 40 40 40 40 40 40 40 40 40 40 40 30; 52; 49.9961; 14.8625
80 80 80 80 60 70 70 70 70 70 70 70 70 70 50 80 80 80 80 80 80 70; 34; 49.9961; 16.4158
70 70 70 70 70 70 70 70 70 70 70 70 70 70 70 80 80 80 80 80 80 80 80 80 80; 30; 49.9961; 16.1292
70 70 70 70 70 70 70 70 70 70 70 70 70 70 70 50 50 50 50 50 50 50 50 50 50 50 50 50; 41; 49.9961; 16.2974
70 70 70 70 70 70 70 70 70 70 70 70 70 70 70 50 50 50 50 50 50 50 50 50 50 50 50 50 50 50 50 50 50 50 50 50 50 50 50 50 50; 41; 49.9961; 15.2097
30 30 30 30 30 30 30 30 30 30 30 30 30 30 30 30 30 80 80 80 80 80 80 80 80 80 80 80 80 80 80 80 80 80 80 80 80 80 80 80 80 80 80 80 80 80 80 80 70; 54; 49.9961; 13.632
70 70 70 70 70 70 70 70 70 70 70 70 70 70 70 60 60 60 60 60 70 70 60 70 70 70 70 70 70 70 70 70 50; 34; 49.9961; 15.303
30 30 30 30 30 30 30 30 30 30 30 30 30 30 30 30 30; 28; 49.9961; 19.3469
30 30 30 30 30 30 30 30 30 30 30 30 30 30 30 30 30 80 80 80 80 80 80 80 80 80 80 80 80 80 80 80 80 80 80 80 80 50 50 50 50 50 50 50 50 50 50 50 50 50 50 50 50 50 50 50 50 50 50 50; 61; 49.9961; 13.3909
70 70 70 70 70 70 70 70 70 70 70 70 70 70 70 50 50 50 50 50 50 50 50 50 50 50 50 50 60 60 60 60 60 60 60 60 50; 41; 49.9793; 15.4585
70 70 70 70 70 70 70 70 70 70 70 70 70 70 70 50 50 50 50 50 50 50 50 50 50 50 50 50 60 60 60 60 60 60 60 60 60 60 60 60 60 60 60 60 60 60 60 60 60 60 60 60 60; 41; 49.9961; 14.2751
70 70 70 70 70 70 70 70 70 70 70 70 70 70 70 50 50 50 50 50 50 50 50 50 50 50 50 50 50 50 50 50 50 50 50 50 50 50 50 50 50 70 70 70 70 50; 41; 49.9961; 14.7469
30 30 30 30 30 30 30 30 30 30 30 30 30 30 30 30 30 80 80 80 80 80 80 80 80 80 80 80 80 80 80 80 80 80 80 80 80 80 80 80 80 80 80 80 80 80 80 80 70 40 40 40 40 40 40 40 40 40 40 40 40 40 40 40 40 40 40 40 40 40 40 40 40 40 40 40 40 40 40 40 40 40 40 40 40 40 40 40 40 30; 54; 49.9793; 11.9222
30 30 30 30 30 30 30 30 30 30 30 30 30 30 30 30 30 80 80 80 80 80 80 80 80 80 80 80 80 80 80 80 80 80 80 80 80 50 50 50 50 50 50 50 50 50 50 50 50 50 50 50 50 50 50 50 50 50 50 50 40 40 40 40 40 40 40 40 40 40 30; 61; 49.9961; 12.932
80 80 80 80 80 80 80 80 80 80 50 50 50 50 50 50 50 50 50 50 50 50 50; 41; 49.9961; 16.904
80 80 80 80 80 80 80 80 80 80 50 50 50 50 50 50 50 50 50 50 50 50 50 50 50 50 50 50 50 50 50 50 50 50 50 50; 41; 49.9961; 15.6592
80 80 80 80 80 70 80 80 80 80 80 80 80 80 80 80 80 70; 54; 49.9961; 16.6279
80 80 80 80 80 70 50 50 50 50 50 50 50 50 50 50 50 50 50 50 50 50 50 50 50 50 50 50 50 50 50 50 50 50 50 50 50 50 50; 61; 49.9793; 15.3984
80 80 80 80 80 70 80 80 80 80 80 80 80 80 80 80 80 80 80 80 80 80 80 80 80 80; 66; 49.9961; 15.3034
80 80 80 80 80 70 50 50 50 50 50 50 50 50 50 50 50 50 50 50 50 50 50 50 50 50 50 50 50; 61; 49.9961; 16.249
80 80 80 80 80 80 80 80 80 80 50 50 50 50 50 50 50 50 50 50 50 50 50 60 60 60 60 60 60 60 60 50; 41; 49.9961; 15.7066
80 80 80 80 80 80 80 80 80 80 50 50 50 50 50 50 50 50 50 50 50 50 50 60 60 60 60 60 60 60 60 60 60 60 60 60 60 60 60 60 60 60 60 60 60 60 60 60; 41; 49.9961; 14.5072
80 80 80 80 80 70 80 80 80 80 80 80 80 80 80 80 80 70 60 60 60 60 60 60 60 60 50; 54; 49.9961; 15.5481
80 80 80 80 80 70 80 80 80 80 80 80 80 80 80 80 80 70 40 40 40 40 40 40 40 40 40 40 40 40 40 40 40 40 40 40 40 40 40 40 40 40 40 40 40 40 40 40 40 40 40 40 40 40 40 40 40 40 30; 54; 49.9961; 13.6687
80 80 80 80 80 70 50 50 50 50 50 50 50 50 50 50 50 50 50 50 50 50 50 50 50 50 50 50 50 40 40 40 40 40 40 40 40 40 40 30; 61; 49.9961; 15.3618
50 50 50 50 50 50 50 50 50 50 50 50 50; 19; 50.0129; 19.8142
50 50 50 50 50 50 50 50 50 50 50 50 50 50 50 50 50; 41; 49.9961; 18.7559
50 50 50 50 50 50 50 50 50 50 50 50 50 50 50 50 50 70 70 70 70 70 70 70 70 70 70 70 70 70 70 70 70 70 70 50; 41; 49.9961; 15.415
50 50 50 50 50 50 50 50 50 50 50 50 50 70 70 70 70 70 70 70 70 70 70 70 70 70 70 70 30 30 30 30 30 30 30 30 30 30 30 30 30 30 30 30 30; 37; 49.9793; 15.5028
50 50 50 50 50 50 50 50 50 50 50 50 50 50 50 50 50 80 80 80 80 80 80 80 80 80 80 80 70 50 50 50 50 50 50 50 50 50 50 50 50 50 50 50 50 50 50 50 50 50 50 50; 61; 49.9961; 14.1685
60 60 60 60 60 60 60 60 50; 25; 50.0129; 20.1621
60 60 60 60 60 60 60 60 60 60 60 60 60 60 60 60 60 60 60 60 60 60 60 60 60; 34; 150.022; 17.7295
60 60 60 60 60 60 60 60 50 70 70 70 70; 25; 49.9961; 18.7473
50 50 50 50 50 50 50 50 50 50 50 50 50 50 50 50 50 40 40 40 40 40 40 40 40 40 40 40 40 40 40 40 40 40 40 40 40 40 40 40 40 40 40 40 40 40 40 40 40 40 40 40 40 40 40 40 40 30; 52; 49.9961; 14.5708
50 50 50 50 50 50 50 50 50 50 50 50 50 50 50 50 50 40 40 40 40 40 40 40 40 40 40 40 40 40 40 40 40 40 40 40 40 40 40 40 40 40 40 40 40 40 40 40 40 40 40 40 40 40 40 40 40 30 70 70 70 70 70 70 70 70 70 70 70 70 70 70 70 70 70 50; 52; 49.9961; 13.2744
60 60 60 60 60; 11; 50.0129; 21.221
50 50 50 50 50 50 50 50 50 50 50 50 50 50 50 70 70 70 70 70 70 70 70 70 50; 34; 49.9961; 17.1069
50 50 50 50 50 50 50 50 50 50 50 50 50 50 50 70 70 70 70 70 80 80 80 80 80 80 80 80 80 80 80 80 80 80 80 80 80 80 80 80; 66; 49.9961; 14.4795
50 50 50 50 50 50 50 50 50 50 50 50 50 50 50 70 70 70 70 70 50 50 50 50 50 50 50 50 50 50 50 50 50 50 50 50 50 50 50 50 50 50 50; 61; 49.9961; 15.4616
70 70 70 70 50 70 70 70 70; 18; 50.0129; 19.4655
50 50 50 50 50 50 50 50 50 50 50 50 50 60 60 60 60 60 60 60 60 60 60 60 60 60 60 60 60 60 60 60 60 60 60 60 60 60; 34; 49.9961; 15.8578
70 70 70 70 50; 13; 49.9961; 20.873
60 60 60 60 60 40 40 40 40 40 40 40 40 40 40 40 40 40 40 40 40 40 40 40 40 40 40 40 40 40 40 40 40 40 40 40 40 40 40 40 40 40 40 40 40 30; 52; 49.9961; 15.4509
60 60 60 60 60 40 40 40 40 40 40 40 40 40 40 40 40 40 40 40 40 40 40 40 40 40 40 40 40 40 40 40 40 40 40 40 40 40 40 40 40 40 40 40 40 30 70 70 70 70 70 70 70 70 70 70 70 70 70 70 70 70 70 50; 52; 49.9961; 13.9849
70 70 70 70 70 70 70 70 70 70 70 70 70 70 70 70 70 70 50; 34; 49.9961; 17.2599
80 80 80 80 80 80 80 80 80 80 80 70 80 80 80 80 80 80 80 80 80 80 80 80 80 80 80 80 80 80 80 80; 66; 49.9793; 14.6157
80 80 80 80 80 80 80 80 80 80 80 70 50 50 50 50 50 50 50 50 50 50 50 50 50 50 50 50 50 50 50 50 50 50 50; 61; 49.9961; 15.4704
50 50 50 50 50 50 50 50 50 50 50 50 50 50 50 50 50 60 60 60 60 60 60 60 60 50; 26; 49.9961; 17.2692
50 50 50 50 50 50 50 50 50 50 50 50 50 50 50 50 50 60 60 60 60 60 60 60 60 60 60 60 60 60 60 60 60 60 60 60 60 60 60 60 60 60; 34; 49.9961; 15.5993
60 60 60 60 60 60 60 60 50; 32; 50.0129; 20.3297
40 40 40 40 40 40 40 40 40 40 40 40 40 40 40 40 40 40 40 40 40 40 40 40 40 40 40 40 40 40 40 40 40 40 40 40 40 40 40 40 30; 52; 50.0129; 16.5115
40 40 40 40 40 40 40 40 40 40 40 40 40 40 40 40 40 40 40 40 40 40 40 40 40 40 40 40 40 40 40 40 40 40 40 40 40 40 40 40 30 70 70 70 70 70 70 70 70 70 70 70 70 70 70 70 70 70 50; 52; 49.9961; 14.3877
50 50 50 50 50 50 50 50 50 50 50 50 50 50 50 50 50 50 50 50 50 50 50 50 50 50 50 50 50 50 50 50 50 80 80 80 80 80 80 80 80 80 80 80 80 80 80 80 80 80 80 80 80; 69; 49.9793; 13.7382
50 50 50 50 50 50 50 50 50 50; 12; 49.9961; 20.3581
70 70 70 70 70 70 70 70 70 50 70 70 70 70 70 70 70 70 70 50 50 50 50 50 50 50 50 50 50 50 50 50 50 50 50 50 60 60 60 60 60 60 60 60 50; 28; 49.9793; 14.9414
70 70 70 70 70 70 70 70 70 50 70 70 70 70 70 70 70 70 70 50 50 50 50 50 50 50 50 50 50 50 50 50 50 50 50 50 60 60 60 60 60 60 60 60 60 60 60 60 60 60 60 60 60 60 60 60 60 60 60 60 60; 34; 50.0129; 14.0965
70 70 70 70 70 70 70 70 70 50 70 70 70 70 70 70 70 70 70 60 60 60 60 60 60 60 60 50; 32; 49.9793; 16.3831
80 80 80 80 80 80 70 70 70 70 70 70 70 70 70 70 70 70 70 70 70 70 70 70 50; 18; 50.0129; 16.6514
80 80 80 80 80 80 70; 7; 49.9961; 19.7994
80 80 80 80 80 80 80 80 80 80 80 80 80 80 80 80 80 80 80 80 50 50 50 50 50 50 50 50 50 50 50 50 50 50 50 50 50 50 50 50 50 50 50; 61; 49.9961; 14.3161
80 80 80 80 80 80 80 80 80 80 80 80 80 80 80 80 80 80 80 80 80 80 80 80 80 50 50 50 50 50 50 50 50 50 50 50 50 50 60 60 60 60 60 60 60 60 50; 54; 49.9961; 13.9389
80 80 80 80 80 80 80 80 80 80 80 80 80 80 80 80 80 80 80 80 80 80 80 80 80 50 50 50 50 50 50 50 50 50 50 50 50 50 60 60 60 60 60 60 60 60 60 60 60 60 60 60 60 60 60 60 60 60 60 60 60 60 60; 54; 49.9961; 13.178
80 80 80 80 80 80 80 80 80 80 80 80 80 80 80 80 80 80 80 80 80 80 80 80 80 80 80 80 80 80 80 70 60 60 60 60 60 60 60 60 50; 54; 49.9961; 13.922
80 80 80 80 80 80 80 80 80 80 80 80 80 80 80 80 80 80 80 80 80 80 80 80 80 80 80 80 80 80 80 70 40 40 40 40 40 40 40 40 40 40 40 40 40 40 40 40 40 40 40 40 40 40 40 40 40 40 40 40 40 40 40 40 40 40 40 40 40 40 40 40 30; 54; 49.9961; 12.5769
80 80 80 80 80 80 80 80 80 80 80 80 80 80 80 80 80 80 80 80 50 50 50 50 50 50 50 50 50 50 50 50 50 50 50 50 50 50 50 50 50 50 50 40 40 40 40 40 40 40 40 40 40 30; 61; 49.9793; 13.8676
50 50 50 50 50 50 50 50 50 50 50 50 50 50 50 50 50 50 50 50 50 50 50 80 80 80 80 80 80 80 80 80 80 80 70 60 60 60 60 60 60 60 60 50 70 70 70 70; 69; 49.9961; 14.2717
50 50 50 50 50 50 50 50 50 50 50 50 50 50 50 50 50 50 50 50 50 50 50 80 80 80 80 80 50 50 50 50 50 50 50 50 50 50 50 50 50 60 60 60 60 60 60 60 60 60 60 60 60 60 60 60 60 60 60 60 60 60 60 60 60 60; 69; 49.9961; 13.7214
50 50 50 50 50 50 50 50 50 50 50 50 50 50 50 50 50 50 50 50 50 50 50 80 80 80 80 80 80 80 80 80 80 80 70 60 60 60 60 60 60 60 60 50; 69; 49.9961; 14.9559
40 40 40 40 40 40 40 40 40 40 30 70 70 70 70 70 70 70 70 70 70 70 70 70 70 70 70 70 50; 19; 49.9961; 16.7305
40 40 40 40 40 40 40 40 40 40 30; 19; 50.0129; 20.3359
60 60 60 60 60 60 60 60 60 60 60 60 60 60 60 60 60 60; 4; 50.0129; 18.8546
70 70 70 70; 6; 50.0129; 21.3482
60 60 60 60 60 60 60 60 50 50 50 50 50 50 50 50 50 50 50 50 50 50 50 50 50 50 40 40 40 40 40 40 40 40 40 40 40 40 40 40 40 40 40 40 40 40 40 40 40 40 40 40 40 40 40 40 40 40 40 40 40 40 40 40 40 40 30; 52; 49.9961; 14.0135
60 60 60 60 60 60 60 60 50 50 50 50 50 50 50 50 50 50 50 50 50 50 50 50 50 50 40 40 40 40 40 40 40 40 40 40 40 40 40 40 40 40 40 40 40 40 40 40 40 40 40 40 40 40 40 40 40 40 40 40 40 40 40 40 40 40 30 70 70 70 70 70 70 70 70 70 70 70 70 70 70 70 70 70 50; 52; 49.9961; 12.9269
60 60 60 60 60 60 60 60 60 60 60 60 60 60 60 60 60 60 70 70 70 70; 6; 49.9961; 17.6428
60 60 60 60 60 60 60 60 60 60 60 60 60 60 60 60 60 60 60 60 60 60 60 60 60 50 50 50 50 50 50 50 50 50 50 50 50 50 50 50 50 50 40 40 40 40 40 40 40 40 40 40 40 40 40 40 40 40 40 40 40 40 40 40 40 40 40 40 40 40 40 40 40 40 40 40 40 40 40 40 40 40 30; 52; 49.9961; 12.9781
60 60 60 60 60 60 60 60 60 60 60 60 60 60 60 60 60 60 60 60 60 60 60 60 60 50 50 50 50 50 50 50 50 50 50 50 50 50 50 50 50 50 40 40 40 40 40 40 40 40 40 40 40 40 40 40 40 40 40 40 40 40 40 40 40 40 40 40 40 40 40 40 40 40 40 40 40 40 40 40 40 40 30 70 70 70 70 70 70 70 70 70 70 70 70 70 70 70 70 70 50; 52; 49.9793; 12.3108
60 60 60 60 60 60 60 60 50 40 40 40 40 40 40 40 40 40 40 40 40 40 40 40 40 40 40 40 40 40 40 40 40 40 40 40 40 40 40 40 40 40 40 40 40 40 40 40 40 30; 52; 49.9961; 15.2229
60 60 60 60 60 60 60 60 50 40 40 40 40 40 40 40 40 40 40 40 40 40 40 40 40 40 40 40 40 40 40 40 40 40 40 40 40 40 40 40 40 40 40 40 40 40 40 40 40 30 70 70 70 70 70 70 70 70 70 70 70 70 70 70 70 70 70 50; 52; 49.9961; 13.7922
70 70 70 70 70 70 70 70 70 70 70 70 70 70 70 70 70 50; 20; 49.9961; 18.053
60 60 60 60 60; 12; 50.0129; 21.3148
70 70 60; 13; 50.0129; 21.6845
50 50 50 50 50 50 50 50 50 50 50 50 50 50 50; 20; 50.0129; 19.3149
70 70 70 70 70; 29; 50.0129; 20.8961
70 70 70 70 70; 10; 50.0129; 21.036
60 60 60 60 60 70 70 70 70 70 70 70 70 70 70 70 70 70 70 70; 41; 49.9961; 17.3843
70 70 70 70 70 80 80 80 80 80 70; 29; 49.9961; 18.5608
50 50 50 50 50 50 50 50 50 50 50 50 50 50 50 80 80 60; 20; 49.9961; 18.1426
50 50 50 50 50 50 50 50 50 50 50 50 50 50 50 70 70 70 70 70 70 70 70 70; 20; 49.9961; 17.2075
70 70 70 70 70 80 80 80 80 80 80 80 80 80 80 80 70; 46; 49.9961; 17.0412
70 70 70 70 70 80 80 80 80 60 70 70 70 70 70 70 70 70 70 50; 50; 49.9961; 16.926
70 70 70 70 70 80 80 80 80 80 80 80 80 80 80 80 80 80 80 80 80 80 80 80 80; 47; 49.9961; 15.7211
70 70 70 70 70 50 50 50 50 50 50 50 50 50 50 50 50 50 50 50 50 50 50 50 50 50 50 50; 49; 49.9961; 16.6318
50 50 50 50 50 50 50 50 50 50 50 50 50 50 50 80 80 60 60 60 60 60 60 60 60 60 50; 27; 49.9961; 16.6141
50 50 50 50 50 50 50 50 50 50 50 50 50 50 50 80 80 60 60 60 60 60 60 60 60 60 60 60 60 60 60 60 60 60 60 60 60 60 60 60 60 60 60; 35; 49.9961; 15.0571
70 70 70 70 70 80 80 80 80 80 80 80 80 80 80 80 70 60 60 60 60 60 60 60 60 50; 46; 49.9961; 15.9193
70 70 70 70 70 80 80 80 80 80 80 80 80 80 80 80 70 40 40 40 40 40 40 40 40 40 40 40 40 40 40 40 40 40 40 40 40 40 40 40 40 40 40 40 40 40 40 40 40 40 40 40 40 40 40 40 40 30; 48; 49.9961; 13.8376
70 70 70 70 70 70 70 70 70 70 70 70 70 70 70 70 70 70 70 50 80 80 80 80 80 80 70; 50; 49.9961; 15.6992
60 60 60 60 60 70 70 60; 16; 49.9961; 19.7353
60 60 60 60 60 60 60 60 45; 6; 50.0129; 20.3037
80 80 80 80 80; 31; 50.0129; 20.399
60 60 60 60 60 70 70 70 70 70; 16; 49.9961; 19.36
70 70 70 70 70 70 70 70 70 70 70 70 70 70 70; 41; 50.0129; 18.3842
80 80 80 80 80 80 80 80 80 80; 14; 50.0129; 18.9262
50 50 50 50 50 50 50 50 50 50 50 50 50; 45; 50.0129; 19.5655
60 60 60 60 60 60 60 60 45 70 70 70 70 70 70 70 70 70; 10; 49.9961; 17.9053
80 80 80 80 80 80 80 80 80 80 80 80 80 80 80 80 70; 46; 49.9961; 16.9127
60 60 60 60 60 70 70 60 70 70 70 70 70 70 70 70 70 50; 50; 49.9961; 17.2741
70 70 70 70 70 70 70 70 70 70 70 70 70 70 70 30 30 30 30 30 30 30 30 30 30 30 30 30 30 30 30 30; 41; 49.9961; 16.3777
80 80 80 80 80 50 50 50 50 50 50 50 50 50 50 50 50 50 50 50 50 50 50 50 50 50 50 50; 49; 49.9961; 16.5971
50 50 50 50 50 50 50 50 50 50 50 50 50 60 60 60 60 60 60 60 60 50; 45; 49.9961; 17.6541
50 50 50 50 50 50 50 50 50 50 50 50 50 60 60 60 60 60 60 60 60 60 60 60 60 60 60 60 60 60 60 60 60 60 60 60 60 60; 45; 49.9961; 15.7831
80 80 80 80 80 80 80 80 80 80 80 80 80 80 80 80 70 60 60 60 60 60 60 60 60 50; 46; 49.9961; 15.804
80 80 80 80 80 80 80 80 80 80 80 80 80 80 80 80 70 40 40 40 40 40 40 40 40 40 40 40 40 40 40 40 40 40 40 40 40 40 40 40 40 40 40 40 40 40 40 40 40 40 40 40 40 40 40 40 40 30; 48; 49.9961; 13.7865
80 80 80 80 80 50 50 50 50 50 50 50 50 50 50 50 50 50 50 50 50 50 50 50 50 50 50 50 40 40 40 40 40 40 40 40 40 40 30; 49; 49.9961; 15.5078
70 70 60 50 50 50 50 50 50 50 50 50 50 50 50 50 50 50; 20; 49.9961; 18.0773
70 70 70 70 70; 28; 50.0129; 20.9641
80 80 80 80 60; 17; 150.022; 20.6903
70 70 60 60 60 60 60 60 70 70 70 70 70 70 70 70 70 70 70 70 70 70 70; 41; 49.9961; 16.5136
70 70 70 70 70 80 80 80 80 80 70; 28; 49.9961; 18.6504
50 50 50 50 50 50 50 50 50 50 50 50 50 50 50 50 50 50 50 50 50 50 50 50 50 50 50 50; 17; 50.0129; 17.5568
70 70 70 70 70 70 70 70 70 60 60 60 60 60; 17; 50.0129; 18.6241
70 70 70 70 70 70 70 70 70; 17; 49.9961; 19.7042
70 70 70 70 70 70 70 70 70 50; 50; 50.0129; 19.4349
70 70 70 70 70 70 70 70 70 80 80 80 80 80 80 80 80 80 80 80 70 80 80 80 80 80 80 80 80 80 80 80 80 80 80 80 80 80 80 80 80; 47; 49.9961; 13.9556
70 70 70 70 70 50 50 50 50 50 50 50 50 50 50 50 50 50 50 50 50 50 50 50 50 50 50 50; 49; 49.9961; 16.6943
50 50 50 50 50 50 50 50 50 50 50 50 50 50 50 70 70 70 70 50 70 70 70 70; 22; 49.9961; 17.1827
50 50 50 50 50 50 50 50 50 50 50 50 50 50 50 50 50 50 50 50 50 50 50 50 50 50 50 50 60 60 60 60 60 60 60 60 60 60 60 60 60 60 60 60 60 60 60 60 60 60 60 60 60; 35; 49.9961; 14.9511
50 50 50 50 50 50 50 50 50 50 50 50 50 50 50 70 70 70 70 50; 22; 49.9961; 18.0763
70 70 70 70 70 70 70 70 70 40 40 40 40 40 40 40 40 40 40 40 40 40 40 40 40 40 40 40 40 40 40 40 40 40 40 40 40 40 40 40 40 40 40 40 40 40 40 40 40 30; 48; 49.9961; 15.1268
70 70 70 70 70 70 70 70 70 50 80 80 80 80 80 80 70; 50; 49.9961; 17.363
50 50 50 50 50 50 50 50 50 50 50 50 50 50 50 70 70 70 70 70; 29; 49.9961; 18.0161
80 80 80 80 50; 10; 50.0129; 20.6378
60 60 60 60 60 60 60 60 45 70 70 70 70 70 70 70 70 70 70 70 70 70 70 70; 41; 49.9961; 16.6938
60 60 60 60 60 60 60 60 45 80 80 80 80 80 80 80 80 80 80; 16; 49.9961; 17.1369
80 80 60; 18; 50.0129; 21.407
70 70 70 70 70 70 70 70 70; 10; 50.0129; 19.8592
70 70 70 70 70 70 70 70 70 60 60 60 60 60; 11; 49.9961; 18.5274
50 50 50 50 50 50 50 50 50 50 50 50 50 50 50 70 70 60 70 70 70 70 70 70 70 70 70 50; 50; 49.9961; 16.5253
60 60 60 60 60 60 60 60 45 70 70 70 70 70 70 70 70 70 70 70 70 70 70 70 30 30 30 30 30 30 30 30 30 30 30 30 30 30 30 30 30; 41; 49.9961; 15.3502
50 50 50 50 50 50 50 50 50 50 50 50 50 50 50 70 70 70 70 70 50 50 50 50 50 50 50 50 50 50 50 50 50 50 50 50 50 50 50 50 50 50 50; 49; 49.9793; 15.2814
80 80 60 60 60 60 60 60 60 60 60 50; 27; 49.9961; 18.7467
80 80 60 60 60 60 60 60 60 60 60 60 60 60 60 60 60 60 60 60 60 60 60 60 60 60 60 60; 35; 49.9961; 16.3945
70 70 70 70 70 70 70 70 70 70 70 70 70 50; 22; 49.9961; 18.2728
70 70 70 70 70 70 70 70 70 60 60 60 60 60 40 40 40 40 40 40 40 40 40 40 40 40 40 40 40 40 40 40 40 40 40 40 40 40 40 40 40 40 40 40 40 40 40 40 40 40 40 40 40 40 30; 48; 49.9961; 14.6131
50 50 50 50 50 50 50 50 50 50 50 50 50 50 50 70 70 70 70 70 50 50 50 50 50 50 50 50 50 50 50 50 50 50 50 50 50 50 50 50 50 50 50 40 40 40 40 40 40 40 40 40 40 30; 49; 49.9961; 14.6479
70 70 70 70 70 70 70 70 70 70; 23; 49.9961; 19.089
80 80 80 80 80 70 70 70 70 70 70 70 70 70 70 70 70 70 70 70; 41; 49.9961; 16.8066
80 80 80 80 80 70; 24; 50.0129; 20.2124
80 80 80 80 80 80 80 80 80 80 80 70 50 50 50 50 50 50 50 50 50 50 50 50 50 50 50 50 50; 46; 50.0129; 16.3704
70 70 70 70 70 80 80 80 80 60 70 70 70 70 70 60; 17; 49.9961; 17.6476
80 80 80 80 80 80 80 80 80 80 80 70; 46; 49.9961; 17.9926
50 50 50 50 50 50 50 50 50 50 50 50 50 50 50 50 50 50 50 50 50 50 50 50 50 50 50 50 50 50 50 50 50; 49; 50.0129; 16.7989
80 80 80 80 80 70 70 70 70 70 70 70 70 70 70 70 70 70 70 70 30 30 30 30 30 30 30 30 30 30 30 30 30 30 30 30 30; 41; 49.9793; 15.4186
50 50 50 50 50 50 50 50 50 50 50 50 50 50 50 50 50 50 50 50 50 50 50; 49; 49.9961; 17.5666
80 80 80 80 80 80 80 80 80 80 80 70 50 50 50 50 50 50 50 50 50 50 50 50 50 50 50 50 50 60 60 60 60 60 60 60 60 50; 46; 49.9961; 15.0855
80 80 80 80 80 80 80 80 80 80 80 70 50 50 50 50 50 50 50 50 50 50 50 50 50 50 50 50 50 60 60 60 60 60 60 60 60 60 60 60 60 60 60 60 60 60 60 60 60 60 60 60 60 60; 46; 49.9793; 13.8898
80 80 80 80 80 80 80 80 80 80 80 70 60 60 60 60 60 60 60 60 50; 46; 49.9961; 16.7482
80 80 80 80 80 80 80 80 80 80 80 70 40 40 40 40 40 40 40 40 40 40 40 40 40 40 40 40 40 40 40 40 40 40 40 40 40 40 40 40 40 40 40 40 40 40 40 40 40 40 40 40 30; 48; 49.9793; 14.3029
50 50 50 50 50 50 50 50 50 50 50 50 50 50 50 50 50 50 50 50 50 50 50 40 40 40 40 40 40 40 40 40 40 30; 49; 49.9961; 16.372
70 70 70 70 70 60 60 60 60 60 70 70 70 70 70 70 70 70 70 70 70 70 70 70 70; 41; 49.9793; 16.4067
70 70 70 70 70 70 70 70 70 70 80 80 80 80 80 70; 29; 49.9793; 17.3744
80 80 80 80 50 80 80 60; 18; 49.9961; 19.1493
70 70 70 70 70 60; 7; 49.9961; 20.5988
70 70 70 70 70 60 60 60 60 60 60; 11; 49.9961; 19.1928
80 80 80 80 60 70 70 70 70 70 70 70 70 70 50; 50; 49.9961; 17.7342
70 70 70 70 70 70 70 70 70 70 80 80 80 80 80 80 80 80 80 80 80 80 80 80 80 80 80 80 80 80; 47; 49.9961; 14.9758
70 70 70 70 70 70 70 70 70 70 50 50 50 50 50 50 50 50 50 50 50 50 50 50 50 50 50 50 50 50 50 50 50; 49; 49.9793; 15.8899
80 80 80 80 50 80 80 60 60 60 60 60 60 60 60 60 50; 27; 49.9793; 17.4367
80 80 80 80 50 80 80 60 60 60 60 60 60 60 60 60 60 60 60 60 60 60 60 60 60 60 60 60 60 60 60 60 60; 35; 49.9961; 15.5658
70 70 70 70 70 60 70 70 70 70 50; 22; 49.9961; 18.9115
70 70 70 70 70 60 60 60 60 60 60 40 40 40 40 40 40 40 40 40 40 40 40 40 40 40 40 40 40 40 40 40 40 40 40 40 40 40 40 40 40 40 40 40 40 40 40 40 40 40 40 30; 48; 49.9961; 14.8868
80 80 80 80 60 70 70 70 70 70 70 70 70 70 50 80 80 80 80 80 80 70; 50; 49.9961; 16.3427
70 70 70 70 70 70 70 70 70 70 70 70 70 70 70 80 80 80 80 80 80 80 80 80 80; 38; 49.9961; 16.0469
70 70 70 70 70 70 70 70 70 70 70 70 70 70 70 50 50 50 50 50 50 50 50 50 50 50 50 50; 45; 49.9961; 16.2749
70 70 70 70 70 70 70 70 70 70 70 70 70 70 70 50 50 50 50 50 50 50 50 50 50 50 50 50 50 50 50 50 50 50 50 50 50 50 50 50 50; 45; 49.9961; 15.1725
30 30 30 30 30 30 30 30 30 30 30 30 30 30 30 30 30 80 80 80 80 80 80 80 80 80 80 80 80 80 80 80 80 80 80 80 80 80 80 80 80 80 80 80 80 80 80 80 70; 46; 49.9961; 13.6962
70 70 70 70 70 70 70 70 70 70 70 70 70 70 70 60 60 60 60 60 70 70 60 70 70 70 70 70 70 70 70 70 50; 50; 49.9793; 15.2173
30 30 30 30 30 30 30 30 30 30 30 30 30 30 30 30 30; 29; 49.9961; 19.2723
70 70 70 70 70 70 70 70 70 70 70 70 70 70 70 80 80 80 80 80 50 50 50 50 50 50 50 50 50 50 50 50 50 50 50 50 50 50 50 50 50 50 50; 49; 49.9793; 14.6494
70 70 70 70 70 70 70 70 70 70 70 70 70 70 70 50 50 50 50 50 50 50 50 50 50 50 50 50 60 60 60 60 60 60 60 60 50; 45; 49.9961; 15.4884
70 70 70 70 70 70 70 70 70 70 70 70 70 70 70 50 50 50 50 50 50 50 50 50 50 50 50 50 60 60 60 60 60 60 60 60 60 60 60 60 60 60 60 60 60 60 60 60 60 60 60 60 60; 45; 49.9793; 14.3225
70 70 70 70 70 70 70 70 70 70 70 70 70 70 70 50 50 50 50 50 50 50 50 50 50 50 50 50 50 50 50 50 50 50 50 50 50 50 50 50 50 70 70 70 70 50; 45; 49.9961; 14.7182
30 30 30 30 30 30 30 30 30 30 30 30 30 30 30 30 30 80 80 80 80 80 80 80 80 80 80 80 80 80 80 80 80 80 80 80 80 80 80 80 80 80 80 80 80 80 80 80 70 40 40 40 40 40 40 40 40 40 40 40 40 40 40 40 40 40 40 40 40 40 40 40 40 40 40 40 40 40 40 40 40 40 40 40 40 40 40 40 40 30; 48; 49.9793; 11.9359
70 70 70 70 70 70 70 70 70 70 70 70 70 70 70 80 80 80 80 80 50 50 50 50 50 50 50 50 50 50 50 50 50 50 50 50 50 50 50 50 50 50 50 40 40 40 40 40 40 40 40 40 40 30; 49; 49.9961; 14.0994
80 80 80 80 80 80 80 80 80 80 50 50 50 50 50 50 50 50 50 50 50 50 50; 45; 49.9961; 16.8007
80 80 80 80 80 80 80 80 80 80 50 50 50 50 50 50 50 50 50 50 50 50 50 50 50 50 50 50 50 50 50 50 50 50 50 50; 45; 49.9961; 15.5801
80 80 80 80 80 70 80 80 80 80 80 80 80 80 80 80 80 70; 46; 49.9961; 16.6665
80 80 80 80 80 70 70 70 70 70 70 70 70 70 70 70 70 70 70 70 50; 50; 49.9961; 16.6744
80 80 80 80 80 70 80 80 80 80 80 80 80 80 80 80 80 80 80 80 80 80 80 80 80 80; 47; 49.9961; 15.6385
80 80 80 80 80 70 50 50 50 50 50 50 50 50 50 50 50 50 50 50 50 50 50 50 50 50 50 50 50; 49; 49.9961; 16.3336
80 80 80 80 80 80 80 80 80 80 50 50 50 50 50 50 50 50 50 50 50 50 50 60 60 60 60 60 60 60 60 50; 45; 49.9961; 15.7798
80 80 80 80 80 80 80 80 80 80 50 50 50 50 50 50 50 50 50 50 50 50 50 60 60 60 60 60 60 60 60 60 60 60 60 60 60 60 60 60 60 60 60 60 60 60 60 60; 45; 49.9961; 14.5511
80 80 80 80 80 80 80 80 80 80 80 80 80 80 80 80 80 80 80 80 80 80 80 80 80 80 70 60 60 60 60 60 60 60 60 50; 46; 49.9961; 14.5203
80 80 80 80 80 70 80 80 80 80 80 80 80 80 80 80 80 70 40 40 40 40 40 40 40 40 40 40 40 40 40 40 40 40 40 40 40 40 40 40 40 40 40 40 40 40 40 40 40 40 40 40 40 40 40 40 40 40 30; 48; 49.9961; 13.772
80 80 80 80 80 70 50 50 50 50 50 50 50 50 50 50 50 50 50 50 50 50 50 50 50 50 50 50 50 40 40 40 40 40 40 40 40 40 40 30; 49; 49.9961; 15.5209
50 50 50 50 50 50 50 50 50 50 50 50 50; 21; 50.0129; 19.7511
50 50 50 50 50 50 50 50 50 50 50 50 50 50 50 50 50; 41; 49.9961; 18.6752
50 50 50 50 50 50 50 50 50 50 50 50 50 50 50 50 50 70 70 70 70 70 70 70 70 70 70 70 70 70 70 70 70 70 70 50; 50; 49.9961; 15.4301
50 50 50 50 50 50 50 50 50 50 50 50 50 70 70 70 70 70 70 70 70 70 70 70 70 70 70 70 30 30 30 30 30 30 30 30 30 30 30 30 30 30 30 30 30; 41; 49.9961; 15.0834
50 50 50 50 50 50 50 50 50 50 50 50 50 50 50 50 50 70 70 70 70 70 70 70 70 70 70 70 70 70 70 70 70 70 70 50 50 50 50 50 50 50 50 50 50 50; 50; 49.9961; 14.6657
60 60 60 60 60 60 60 60 50; 27; 50.0129; 20.173
60 60 60 60 60 60 60 60 60 60 60 60 60 60 60 60 60 60 60 60 60 60 60 60 60; 35; 150.022; 17.7238
50 50 50 50 50 50 50 50 50 50 50 50 50 70 70 70 70 50; 22; 49.9961; 18.2615
50 50 50 50 50 50 50 50 50 50 50 50 50 50 50 50 50 40 40 40 40 40 40 40 40 40 40 40 40 40 40 40 40 40 40 40 40 40 40 40 40 40 40 40 40 40 40 40 40 40 40 40 40 40 40 40 40 30; 48; 49.9961; 14.6861
50 50 50 50 50 50 50 50 50 50 50 50 50 50 50 50 50 40 40 40 40 40 40 40 40 40 40 40 40 40 40 40 40 40 40 40 40 40 40 40 40 40 40 40 40 40 40 40 40 40 40 40 40 40 40 40 40 30 70 70 70 70 70 70 70 70 70 70 70 70 70 70 70 70 70 50; 48; 49.9961; 13.3179
60 60 60 60 60; 11; 50.0129; 21.2746
70 70 70 70 70 60 80 80 80 80 60 70 70 70 70 70 70 70 70 70 50; 50; 49.9961; 16.7711
50 50 50 50 50 50 50 50 50 50 50 50 50 50 50 70 70 70 70 70 80 80 80 80 80 80 80 80 80 80 80 80 80 80 80 80 80 80 80 80; 47; 49.9961; 14.4878
50 50 50 50 50 50 50 50 50 50 50 50 50 50 50 70 70 70 70 70 70 70 70 70 50 50 50 50 50 50 50 50 50 50 50; 50; 49.9793; 15.9864
70 70 70 70 50 70 70 70 70; 22; 50.0129; 19.4484
50 50 50 50 50 50 50 50 50 50 50 50 50 60 60 60 60 60 60 60 60 60 60 60 60 60 60 60 60 60 60 60 60 60 60 60 60 60; 35; 49.9961; 15.8623
70 70 70 70 50; 22; 49.9961; 20.8265
60 60 60 60 60 40 40 40 40 40 40 40 40 40 40 40 40 40 40 40 40 40 40 40 40 40 40 40 40 40 40 40 40 40 40 40 40 40 40 40 40 40 40 40 40 30; 48; 49.9961; 15.4519
60 60 60 60 60 40 40 40 40 40 40 40 40 40 40 40 40 40 40 40 40 40 40 40 40 40 40 40 40 40 40 40 40 40 40 40 40 40 40 40 40 40 40 40 40 30 70 70 70 70 70 70 70 70 70 70 70 70 70 70 70 70 70 50; 48; 49.9961; 13.8825
70 70 70 70 70 70 70 70 70 70 70 70 70 70 70 70 70 70 50; 50; 49.9961; 17.3328
80 80 80 80 80 80 80 80 80 80 80 70 80 80 80 80 80 80 80 80 80 80 80 80 80 80 80 80 80 80 80 80; 47; 49.9961; 14.6412
80 80 80 80 80 80 80 80 80 80 80 70 50 50 50 50 50 50 50 50 50 50 50 50 50 50 50 50 50 50 50 50 50 50 50; 49; 49.9961; 15.4525
50 50 50 50 50 50 50 50 50 50 50 50 50 50 50 50 50 60 60 60 60 60 60 60 60 50; 33; 49.9961; 17.0991
50 50 50 50 50 50 50 50 50 50 50 50 50 50 50 50 50 60 60 60 60 60 60 60 60 60 60 60 60 60 60 60 60 60 60 60 60 60 60 60 60 60; 35; 49.9793; 15.5993
60 60 60 60 60 60 60 60 50; 24; 50.0129; 20.3473
40 40 40 40 40 40 40 40 40 40 40 40 40 40 40 40 40 40 40 40 40 40 40 40 40 40 40 40 40 40 40 40 40 40 40 40 40 40 40 40 30; 48; 50.0129; 16.5264
40 40 40 40 40 40 40 40 40 40 40 40 40 40 40 40 40 40 40 40 40 40 40 40 40 40 40 40 40 40 40 40 40 40 40 40 40 40 40 40 30 70 70 70 70 70 70 70 70 70 70 70 70 70 70 70 70 70 50; 48; 49.9961; 14.436
50 50 50 50 50 50 50 50 50 50 50 50 50 50 50 50 50 50 50 50 50 50 50 50 50 50 50 50 50 50 50 50 50 80 80 80 80 80 80 80 80 80 80 80 80 80 80 80 80 80 80 80 80; 50; 49.9961; 13.8
50 50 50 50 50 50 50 50 50 50; 17; 49.9961; 20.3105
70 70 70 70 70 70 70 70 70 50 70 70 70 70 70 70 70 70 70 50 50 50 50 50 50 50 50 50 50 50 50 50 50 50 50 50 60 60 60 60 60 60 60 60 50; 51; 49.9961; 14.8268
70 70 70 70 70 70 70 70 70 50 70 70 70 70 70 70 70 70 70 50 50 50 50 50 50 50 50 50 50 50 50 50 50 50 50 50 60 60 60 60 60 60 60 60 60 60 60 60 60 60 60 60 60 60 60 60 60 60 60 60 60; 51; 49.9961; 13.8668
70 70 70 70 70 70 70 70 70 50 70 70 70 70 70 70 70 70 70 60 60 60 60 60 60 60 60 50; 51; 49.9961; 16.1532
80 80 80 80 80 80 70 70 70 70 70 70 70 70 70 70 70 70 70 70 70 70 70 70 50; 19; 49.9961; 16.4368
80 80 80 80 80 80 70; 14; 50.0129; 19.9017
80 80 80 80 80 80 80 80 80 80 80 80 80 80 80 80 80 80 80 80 50 50 50 50 50 50 50 50 50 50 50 50 50 50 50 50 50 50 50 50 50 50 50; 49; 49.9961; 14.4614
30 30 30 30 30 30 30 30 30 30 30 30 30 30 30 30 30 70 70 70 70 70 70 70 70 70 70 70 70 70 70 70 50 50 50 50 50 50 50 50 50 50 50 50 50 60 60 60 60 60 60 60 60 50; 45; 49.9961; 14.5099
80 80 80 80 80 80 80 80 80 80 80 80 80 80 80 80 80 80 80 80 80 80 80 80 80 50 50 50 50 50 50 50 50 50 50 50 50 50 60 60 60 60 60 60 60 60 60 60 60 60 60 60 60 60 60 60 60 60 60 60 60 60 60; 45; 49.9961; 13.0084
80 80 80 80 80 80 80 80 80 80 80 80 80 80 80 80 80 80 80 80 80 80 80 80 80 80 80 80 80 80 80 70 60 60 60 60 60 60 60 60 50; 46; 49.9961; 13.9286
80 80 80 80 80 80 80 80 80 80 80 80 80 80 80 80 80 80 80 80 80 80 80 80 80 80 80 80 80 80 80 70 40 40 40 40 40 40 40 40 40 40 40 40 40 40 40 40 40 40 40 40 40 40 40 40 40 40 40 40 40 40 40 40 40 40 40 40 40 40 40 40 30; 48; 49.9961; 12.749
80 80 80 80 80 80 80 80 80 80 80 80 80 80 80 80 80 80 80 80 50 50 50 50 50 50 50 50 50 50 50 50 50 50 50 50 50 50 50 50 50 50 50 40 40 40 40 40 40 40 40 40 40 30; 49; 49.9961; 13.9413
50 50 50 50 50 50 50 50 50 50 50 50 50 50 50 50 50 50 50 50 50 50 50 80 80 80 80 80 50 50 50 50 50 50 50 50 50 50 50 50 50 60 60 60 60 60 60 60 60 50; 50; 49.9961; 14.464
50 50 50 50 50 50 50 50 50 50 50 50 50 50 50 50 50 50 50 50 50 50 50 80 80 80 80 80 50 50 50 50 50 50 50 50 50 50 50 50 50 60 60 60 60 60 60 60 60 60 60 60 60 60 60 60 60 60 60 60 60 60 60 60 60 60; 50; 49.9793; 13.5958
50 50 50 50 50 50 50 50 50 50 50 50 50 50 50 50 50 50 50 50 50 50 50 80 80 80 80 80 80 80 80 80 80 80 70 60 60 60 60 60 60 60 60 50; 50; 49.9961; 14.6886
40 40 40 40 40 40 40 40 40 40 30 70 70 70 70 70 70 70 70 70 70 70 70 70 70 70 70 70 50; 24; 49.9961; 16.5804
40 40 40 40 40 40 40 40 40 40 30; 24; 49.9961; 20.0459
60 60 60 60 60 60 60 60 60 60 60 60 60 60 60 60 60 60; 4; 50.0129; 18.8418
70 70 70 70; 6; 50.0129; 21.3594
60 60 60 60 60 60 60 60 50 50 50 50 50 50 50 50 50 50 50 50 50 50 50 50 50 50 40 40 40 40 40 40 40 40 40 40 40 40 40 40 40 40 40 40 40 40 40 40 40 40 40 40 40 40 40 40 40 40 40 40 40 40 40 40 40 40 30; 48; 49.9961; 13.8992
60 60 60 60 60 60 60 60 50 50 50 50 50 50 50 50 50 50 50 50 50 50 50 50 50 50 40 40 40 40 40 40 40 40 40 40 40 40 40 40 40 40 40 40 40 40 40 40 40 40 40 40 40 40 40 40 40 40 40 40 40 40 40 40 40 40 30 70 70 70 70 70 70 70 70 70 70 70 70 70 70 70 70 70 50; 48; 49.9961; 13.0211
60 60 60 60 60 60 60 60 60 60 60 60 60 60 60 60 60 60 60 60 60 60 60 60 60 50 50 50 50 50 50 50 50 50 50 50 50 50 70 70 70 70 50; 43; 49.9961; 15.1138
60 60 60 60 60 60 60 60 60 60 60 60 60 60 60 60 60 60 60 60 60 60 60 60 60 50 50 50 50 50 50 50 50 50 50 50 50 50 50 50 50 50 40 40 40 40 40 40 40 40 40 40 40 40 40 40 40 40 40 40 40 40 40 40 40 40 40 40 40 40 40 40 40 40 40 40 40 40 40 40 40 40 30; 48; 49.9961; 13.1495
60 60 60 60 60 60 60 60 60 60 60 60 60 60 60 60 60 60 60 60 60 60 60 60 60 50 50 50 50 50 50 50 50 50 50 50 50 50 50 50 50 50 40 40 40 40 40 40 40 40 40 40 40 40 40 40 40 40 40 40 40 40 40 40 40 40 40 40 40 40 40 40 40 40 40 40 40 40 40 40 40 40 30 70 70 70 70 70 70 70 70 70 70 70 70 70 70 70 70 70 50; 48; 49.9793; 12.3933
60 60 60 60 60 60 60 60 50 40 40 40 40 40 40 40 40 40 40 40 40 40 40 40 40 40 40 40 40 40 40 40 40 40 40 40 40 40 40 40 40 40 40 40 40 40 40 40 40 30; 48; 49.9961; 15.2404
70 70 70 70 50 50 50 50 50 50 50 50 50 50 50 50 50 50 50 50 70 70 70 70 70 70 70 70 70 50 80 80 80 80 80 80 70; 50; 49.9961; 15.2088
70 70 70 70 70 70 70 70 70 70 70 70 70 70 70 70 70 50; 20; 49.9961; 17.9743
80 64; 6; 50.0129; 22.0025
70 70 70 68 37; 32; 50.0129; 20.4352
70 70 70 68; 32; 49.9961; 21.1377
70 70 70 68 50 38 41; 32; 49.9961; 19.4456
70 70 70 68 50 38; 32; 49.9961; 20.058
80 64 60 54; 6; 50.0129; 20.8571
70 70 70 68 70 70 68; 43; 49.9961; 19.6499
70 70 70 68 70 70 68 60 60 60 60 58; 43; 49.9961; 18.4933
70 70 70 68 70 70 68 70 70 70 48; 43; 49.9961; 18.3597
70 70 70 68 50 38 70 70 42; 48; 49.9961; 18.8571
70 70 70 68 50 38 70 70 42 50 35; 48; 49.9961; 18.1964
70 70 70 68 50 38 70 70 42 50 35 64; 48; 49.9961; 17.7673
70 70 70 68 70 70 68 70 70 70 48 70 70 70 65 70 70 47; 43; 49.9961; 16.6829
70 70 70 68 70 70 68 70 70 70 48 70 70 70 65 60 60 59 80 63; 43; 49.9793; 16.2758
70 70 70 68 70 70 68 70 70 70 48 70 70 70 65 60 60 59; 43; 49.9793; 16.722
70 70 70 68 70 70 68 70 70 70 48 70 70 70 65; 43; 49.9961; 17.3452
80 64 70 70 70 68 37; 32; 49.9961; 19.3568
80 64 70 70 70 68; 32; 49.9961; 19.9378
80 64 70 70 70 68 50 38 41; 32; 49.9793; 18.6277
80 64 70 70 70 68 50 38; 32; 49.9961; 19.1862
60 54; 1; 50.0129; 22.2313
60 60; 14; 50.0129; 22.1376
60 60 60 60 60 60 58; 14; 49.9961; 20.2538
60 60 70 70 70 48; 35; 49.9961; 20.0936
60 60 80 80 80 76; 36; 49.9961; 19.748
60 60 80 80 80 76 50 35; 37; 49.9961; 18.9576
60 60 80 80 80 76 50 35 64; 37; 49.9961; 18.4388
60 60 80 80 80 76 80 80 64 70 70 47; 45; 49.9961; 17.7108
60 60 80 80 80 76 80 80 64 60 60 59 80 63; 45; 49.9961; 17.1761
60 60 80 80 80 76 80 80 64 60 60 59; 45; 49.9961; 17.7211
60 60 80 80 80 76 80 80 64; 45; 49.9961; 18.5129
37; 30; 49.9961; 22.4943
36; 1; 800.005; 22.5805
37 50 38; 32; 49.9961; 21.1068
37 70 70 68 80 77; 43; 49.9961; 19.5078
37 70 70 68; 43; 49.9961; 20.5943
37 70 70 68 60 60 60 60 58; 43; 49.9961; 19.2396
37 70 70 68 70 70 70 48; 43; 49.9961; 19.0482
37 70 70 68 80 80 80 76; 43; 49.9961; 18.7848
37 70 70 68 80 80 80 76 50 35; 43; 49.9961; 18.166
37 70 70 68 80 80 80 76 50 35 64; 43; 49.9961; 17.7616
37 70 70 68 70 70 70 48 70 70 70 65 70 70 47; 43; 49.9793; 17.2285
37 70 70 68 70 70 70 48 70 70 70 65 60 60 59 80 63; 43; 49.9961; 16.76
37 70 70 68 70 70 70 48 70 70 70 65 60 60 59; 43; 49.9961; 17.263
37 70 70 68 70 70 70 48 70 70 70 65; 43; 49.9961; 17.9755
50 38 41; 32; 50.0129; 21.1995
50 38; 32; 49.9961; 22.1367
70 70 68 80 77; 43; 49.9961; 20.1875
70 70 68; 43; 49.9961; 21.4771
70 70 68 60 60 60 60 58; 43; 49.9961; 19.8467
70 70 68 70 70 70 48; 43; 49.9961; 19.8803
50 38 70 70 42; 48; 49.9961; 20.3534
50 38 70 70 42 50 35; 48; 49.9961; 19.4549
50 38 70 70 42 50 35 64; 48; 49.9961; 18.8878
50 38 70 70 42 80 80 64 70 70 47; 48; 49.9793; 18.0459
50 38 70 70 42 80 80 64 60 60 59 80 63; 48; 49.9961; 17.5101
50 38 70 70 42 80 80 64 60 60 59; 48; 49.9793; 18.1119
50 38 70 70 42 80 80 64; 48; 49.9961; 18.9443
41; 18; 50.0129; 22.5229
41 70 70 42 80 80 80 76 80 77; 48; 49.9961; 18.1502
41 70 70 42 80 80 80 76; 48; 49.9961; 18.8902
41 70 70 42 80 80 80 76 60 60 60 60 58; 48; 49.9961; 17.8765
41 70 70 42 60 60 60 60 60 53; 48; 49.9961; 19.0153
41 70 70 42; 48; 49.9961; 20.644
41 70 70 42 50 35; 48; 49.9793; 19.6617
41 70 70 42 50 35 64; 48; 49.9793; 19.0848
41 70 70 42 80 80 64 70 70 47; 48; 49.9961; 18.2469
41 70 70 42 80 80 64 70 70 47 50 36; 48; 49.9961; 17.6977
41 70 70 42 80 80 64 60 60 59; 48; 49.9961; 18.2538
41 70 70 42 80 80 64; 48; 49.9961; 19.1418
50 38 70 70 68 80 77; 43; 49.9961; 19.4607
50 38 70 70 68; 43; 49.9961; 20.5311
70 70 42 60 60 60 60 60 53 60 60 54; 48; 50.0129; 18.7801
70 70 42 60 60 60 60 60 53; 48; 49.9961; 19.6731
70 70 42; 48; 49.9961; 21.469
70 70 42 50 35; 48; 49.9961; 20.4282
70 70 42 50 35 64; 48; 49.9961; 19.7827
70 70 42 80 80 64 70 70 47; 48; 49.9961; 18.7874
70 70 42 80 80 64 60 60 59 80 63; 48; 49.9961; 18.1756
70 70 42 80 80 64 60 60 59; 48; 49.9961; 18.8495
70 70 42 80 80 64; 48; 49.9961; 19.8813
80 77; 20; 49.9961; 21.8059
80 80 80 66; 1; 50.0129; 21.1049
80 77 70 70 70 48; 35; 49.9961; 19.9003
80 77 80 80 80 76; 36; 49.9961; 19.5746
80 77 80 80 80 76 50 35; 37; 49.9961; 18.7952
80 77 80 80 80 76 50 35 64; 37; 49.9793; 18.3047
80 77 80 80 80 76 80 80 64 70 70 47; 45; 49.9961; 17.6224
80 77 80 80 80 76 80 80 64 60 60 59 80 63; 45; 49.9793; 17.1622
80 77 80 80 80 76 80 80 64 60 60 59; 45; 49.9961; 17.7213
80 77 80 80 80 76 80 80 64; 45; 49.9961; 18.4654
60 60 60 60 58; 10; 50.0129; 21.3443
70 70 70 48; 35; 50.0129; 21.2431
80 80 80 76; 36; 50.0129; 20.847
80 80 80 76 50 35; 37; 49.9961; 19.7277
80 80 80 76 50 35 64; 37; 49.9793; 19.1398
70 70 70 48 70 70 70 65 70 70 47; 37; 49.9961; 18.4201
70 70 70 48 70 70 70 65 60 60 59 80 63; 37; 49.9961; 17.8128
70 70 70 48 70 70 70 65 60 60 59; 37; 49.9961; 18.4332
70 70 70 48 70 70 70 65; 37; 49.9961; 19.3829
60 60 54; 10; 50.0129; 21.842
60 60 54 60 60 60 60 60 53; 13; 49.9961; 19.7091
60 60 54 60 60 60 60 60 53 50 35; 37; 49.9961; 18.9205
60 60 54 60 60 60 60 60 53 50 35 64; 37; 49.9961; 18.4616
60 60 54 70 70 70 65 70 70 47; 37; 49.9961; 18.7638
60 60 54 70 70 70 65 70 70 47 50 36; 37; 49.9961; 18.138
60 60 54 70 70 70 65 60 60 59; 37; 49.9961; 18.8381
60 60 54 70 70 70 65; 37; 49.9961; 19.8231
60 60 60 60 60 53; 13; 49.9961; 20.8379
60 60 60 60 60 53 50 35; 37; 49.9961; 19.9887
60 60 60 60 60 53 50 35 64; 37; 49.9961; 19.3988
70 70 70 65 70 70 47; 37; 50.0129; 19.8559
70 70 70 65 70 70 47 50 36; 37; 49.9961; 18.9944
70 70 70 65 60 60 59; 37; 49.9961; 19.802
70 70 70 65; 37; 49.9961; 21.0522
50 35; 37; 50.0129; 22.1732
50 35 64; 37; 49.9961; 21.1037
80 80 64 70 70 47; 45; 49.9961; 19.8884
80 80 64 70 70 47 50 36; 45; 49.9961; 19.0958
80 80 64 60 60 59; 45; 50.0129; 20.0645
80 80 64; 45; 49.9961; 21.3333
64; 22; 50.0129; 22.4963
64 74; 22; 49.9961; 21.3735
64 74 50 36; 22; 49.9961; 20.334
50 35 80 80 64 60 60 59; 45; 49.9961; 19.2039
50 35 80 80 64; 45; 49.9793; 20.3479
74; 11; 49.9961; 22.4478
74 50 36; 14; 49.9961; 21.1353
74 50 36 80 63; 14; 49.9961; 20.0545
74 70 70 47; 47; 49.9961; 20.6072
50 36; 14; 50.0129; 22.218
50 36 80 63; 14; 49.9961; 20.7945
70 70 47; 47; 49.9793; 21.4649
80 63; 4; 50.0129; 21.9836
50 36 70 70 47; 47; 49.9961; 20.5063
60 60 59; 26; 49.9961; 21.7525
70 70 70 68 70 70 68 80 77 60 54; 41; 50.0129; 18.2979
70 70 70 68 37; 26; 49.9961; 20.3823
80 64 60 60 70 70 68; 40; 50.0129; 19.4508
70 70 70 68 50 38 41; 29; 49.9961; 19.4633
70 70 70 68 50 38; 25; 49.9961; 20.0881
80 64 60 54; 19; 49.9961; 20.7217
80 64 60 60; 27; 49.9961; 20.6183
80 64 60 60 60 60 60 60 58; 27; 49.9961; 19.1159
80 64 60 60 70 70 70 48; 42; 49.9961; 19.0469
70 70 70 68 50 38 70 70 42; 41; 49.9961; 18.9195
80 64 60 60 80 80 80 76 50 35; 40; 49.9961; 18.1558
80 64 60 60 80 80 80 76 50 35 64; 40; 49.9961; 17.7089
70 70 70 68 70 70 68 70 70 70 48 70 70 70 65 70 70 47; 45; 49.9961; 16.6964
70 70 70 68 70 70 68 80 80 80 76 80 80 64 70 70 47 50 36; 41; 49.9961; 16.2326
80 64 60 60 80 80 80 76 80 80 64 60 60 59; 40; 49.9961; 17.1485
70 70 70 68 70 70 68 70 70 70 48 70 70 70 65; 45; 49.9961; 17.3469
80 64 70 70 70 68 37; 26; 49.9961; 19.2758
80 64 70 70 70 68; 25; 49.9961; 19.8874
80 64 70 70 70 68 37 36; 26; 49.9961; 18.7358
60 60 80 80 80 76 70 70 42; 45; 49.9961; 18.7313
60 60 80 77; 27; 49.9961; 20.5669
60 54 80 77; 21; 50.0129; 20.6958
60 60 70 70 70 48 60 60 54; 42; 49.9961; 18.9331
60 60 60 60 60 60 58 60 60 54; 27; 49.9961; 19.1076
60 60 70 70 70 48 60 60 60 60 60 53; 42; 49.9793; 18.4945
60 60 80 80 80 76 50 35; 40; 49.9793; 18.8886
60 54 80 77 80 80 80 76 50 35 64; 40; 49.9961; 17.7914
60 60 70 70 70 48 70 70 70 65 70 70 47; 45; 49.9961; 17.6994
60 60 70 70 70 48 70 70 70 65 70 70 47 50 36; 45; 49.9961; 17.2294
60 60 70 70 70 48 70 70 70 65 60 60 59; 45; 49.9793; 17.796
60 54 80 77 70 70 70 48 70 70 70 65; 45; 49.9961; 17.9474
36 41 50 38; 27; 49.9961; 20.3822
37 50 38 41; 29; 50.0129; 20.4144
37 50 38; 24; 49.9961; 21.1782
37 70 70 68 80 77; 41; 49.9961; 19.4858
36 41 50 38 70 70 68; 41; 49.9961; 19.0714
37 70 70 68 80 77 80 80 80 66; 41; 49.9961; 18.2169
37 70 70 68 70 70 70 48; 42; 49.9961; 19.0144
36 41 70 70 42; 41; 49.9961; 19.936
36 41 70 70 42 50 35; 41; 49.9961; 19.0827
37 50 38 70 70 42 50 35 64; 41; 49.9961; 18.4178
36 41 70 70 42 80 80 64 70 70 47; 41; 49.9961; 17.7679
37 70 70 68 80 80 80 76 80 80 64 70 70 47 50 36; 41; 49.9961; 16.6738
37 70 70 68 80 80 80 76 80 80 64 60 60 59; 41; 49.9961; 17.1338
36 41 70 70 42 80 80 64; 41; 49.9961; 18.6602
50 38 41; 29; 49.9961; 21.1389
50 38; 24; 49.9961; 22.1371
70 70 68 60 60 60 54; 41; 49.9961; 19.4672
50 38 70 70 42 80 80 80 76; 41; 49.9961; 18.655
70 70 68 80 77 80 80 80 66; 41; 49.9961; 18.6933
70 70 68 60 60 60 60 58 60 60 54; 41; 49.9961; 18.8202
50 38 70 70 42; 41; 49.9961; 20.3794
50 38 70 70 42 50 35; 41; 49.9961; 19.4626
50 38 70 70 42 50 35 64; 41; 49.9793; 18.8993
50 38 70 70 42 80 80 64 70 70 47; 41; 49.9793; 18.0932
70 70 68 80 80 80 76 80 80 64 70 70 47 50 36; 41; 49.9961; 16.9847
70 70 68 70 70 70 48 70 70 70 65 60 60 59; 45; 49.9793; 17.58
70 70 68 80 80 80 76 80 80 64; 41; 49.9961; 18.2278
36 37 50 38; 24; 49.9793; 20.3642
41 50 38 70 70 68 80 77; 41; 49.9793; 18.7934
36 37 70 70 68; 41; 49.9961; 19.9296
41 70 70 42 60 60 60 60 60 53 60 60 54; 41; 49.9961; 18.1733
36 37 70 70 68 70 70 70 48; 42; 49.9961; 18.5582
36 37 70 70 68 80 80 80 76; 41; 49.9961; 18.3906
41 70 70 42 50 35; 41; 49.9961; 19.6628
41 70 70 42 50 35 64; 41; 49.9961; 19.0733
41 70 70 42 80 80 64 70 70 47; 41; 49.9961; 18.196
41 70 70 42 50 35 64 74 50 36; 41; 49.9961; 17.9839
41 70 70 42 80 80 64 60 60 59; 41; 49.9961; 18.3056
41 70 70 42 80 80 64; 41; 49.9961; 19.1813
50 38 70 70 70 68 80 64 60 54; 27; 50.0129; 18.6843
70 70 42 80 80 80 76; 41; 49.9793; 19.3785
50 38 70 70 68 60 60 60 60 58; 41; 49.9961; 19.1504
50 38 70 70 68 70 70 70 48; 42; 49.9961; 18.9486
50 38 70 70 68 70 70 70 48 60 60 60 60 60 53; 42; 49.9961; 17.8804
70 70 42 50 35; 41; 49.9961; 20.4515
50 38 70 70 68 80 80 80 76 50 35 64; 41; 49.9961; 17.7809
70 70 42 50 35 64 74; 41; 49.9793; 19.0681
70 70 42 80 80 64 60 60 59 80 63; 41; 49.9961; 18.1304
70 70 42 60 60 60 60 60 53 70 70 70 65 60 60 59; 45; 49.9961; 17.5718
70 70 42 80 80 64; 41; 49.9961; 19.8765
60 54 60 60; 27; 49.9961; 20.9391
80 80 80 66; 9; 50.0129; 21.0169
80 77 60 60 60 60 58 60 60 54; 21; 50.0129; 19.0451
80 80 80 66 60 60 60 60 58 80 80 80 76; 40; 49.9961; 18.0355
80 77 70 70 70 48 60 60 60 60 60 53 50 35; 42; 49.9961; 17.8672
80 80 80 66 60 60 60 60 58 80 80 80 76 50 35 64; 40; 49.9961; 17.0909
80 77 70 70 70 48 70 70 70 65 70 70 47; 45; 49.9961; 17.6209
80 77 70 70 70 48 70 70 70 65 60 60 59 80 63; 45; 49.9961; 17.1649
80 80 80 66 60 60 54 70 70 70 65 60 60 59; 45; 49.9961; 17.6833
80 77 80 80 80 76 80 80 64; 40; 49.9961; 18.4216
70 70 70 48 60 60 54; 42; 49.9961; 19.8801
60 60 60 60 58 60 60 54; 17; 50.0129; 20.0002
70 70 70 48 60 60 60 60 60 53; 42; 49.9961; 19.2365
80 80 80 76 50 35; 40; 50.0129; 19.9266
80 80 80 76 50 35 64; 40; 49.9961; 19.1553
70 70 70 48 70 70 70 65 70 70 47; 45; 50.0129; 18.5871
70 70 70 48 70 70 70 65 60 60 59 80 63; 45; 49.9793; 17.7549
70 70 70 48 70 70 70 65 60 60 59; 45; 49.9961; 18.4499
70 70 70 48 70 70 70 65; 45; 49.9961; 19.3492
80 80 80 66 80 77 70 70 70 48; 42; 49.9961; 18.6537
60 60 54 60 60 60 60 60 53; 20; 49.9961; 19.6324
60 60 60 60 58 80 80 80 76 50 35; 40; 49.9961; 18.6288
60 60 54 60 60 60 60 60 53 50 35 64; 38; 49.9961; 18.4077
60 60 54 70 70 70 65 70 70 47; 45; 49.9961; 18.7374
60 60 54 70 70 70 65 70 70 47 50 36; 45; 49.9961; 18.0906
60 60 54 70 70 70 65 60 60 59; 45; 49.9961; 18.8105
60 60 54 70 70 70 65; 45; 49.9793; 19.8017
60 60 60 60 60 53; 20; 49.9961; 20.872
60 60 60 60 60 53 50 35; 38; 49.9961; 19.9484
60 60 60 60 60 53 50 35 64; 38; 49.9961; 19.3071
70 70 70 65 70 70 47; 45; 49.9961; 19.7531
60 60 60 60 60 53 80 80 64 70 70 47 50 36; 40; 49.9961; 17.8174
70 70 70 65 70 70 47 50 36 80 63; 45; 49.9961; 18.1972
70 70 70 48 80 80 80 76 80 80 64; 40; 49.9961; 18.1701
60 60 60 60 60 53 70 70 70 65 70 70 47 74 64; 45; 49.9961; 17.5138
80 80 64 70 70 47 74; 40; 49.9961; 19.1874
80 80 64 70 70 47; 40; 49.9793; 19.8021
60 60 60 60 60 53 70 70 70 65 60 60 59 80 63; 45; 49.9961; 17.788
80 80 64 60 60 59; 40; 50.0129; 20.0645
80 80 64; 40; 49.9961; 21.292
64; 28; 50.0129; 22.4921
64 74; 28; 49.9961; 21.3695
64 74 50 36; 28; 49.9961; 20.3052
64 74 50 36 80 63; 28; 49.9961; 19.369
50 35 80 80 64; 40; 49.9961; 20.2348
64 50 35 80 80 64 70 70 47; 40; 49.9961; 18.5897
74 50 36; 21; 50.0129; 21.2216
74 50 36 80 63; 21; 49.9961; 20.0285
74 70 70 47; 40; 49.9961; 20.5887
70 70 47 60 60 59 80 63; 40; 49.9961; 19.1501
74 64 50 35 80 80 64 60 60 59; 40; 49.9961; 18.3232
74 64 50 35 80 80 64; 40; 49.9961; 19.07
80 63; 13; 50.0129; 21.9761
50 36 70 70 47; 40; 49.9961; 20.4806
60 60 59; 33; 49.9961; 21.7323
70 70; 9; 50.0129; 22.0731
60 50; 25; 50.0129; 22.1209
70 70 70 50 35; 25; 50.0129; 20.6448
70 70 70; 8; 49.9961; 21.7149
70 70 50 45; 9; 49.9961; 20.8466
70 70 50 40; 24; 49.9961; 20.7836
60 50 50 45; 47; 49.9961; 20.8297
70 70 50 40 60 60; 35; 49.9961; 19.7914
60 50 50 45 55; 57; 49.9961; 20.012
60 50 50 45 70 70 60; 51; 49.9961; 19.4186
60 50 50 45 55 60 50; 57; 49.9961; 19.1577
60 50 50 45 55 60 60 60; 60; 49.9961; 18.8777
60 50 50 45 70 70 60 70 60; 51; 49.9961; 18.5677
60 50 50 45 55 60 60 60 80 80 80 80 80 60; 60; 49.9961; 17.2451
60 50 50 45 55 60 60 60 60 60 60; 70; 49.9961; 17.9782
60 50 50 45 55 60 60 60 60 60 60 70 70 70; 70; 49.9961; 17.2595
60 50 50 45 55 60 60 60 60 60 60 50 40; 70; 49.9961; 17.4745
60 50 50 45 55 60 60 60 80 80 80 80 80 60 70 70 70 70 70 70; 60; 49.9793; 16.3624
60 50 50 45 55 60 60 60 60 60 60 70 70 70 70 70; 70; 49.9961; 16.9704
60 50 50 45 55 60 60 60 60 60 60 50 40 70 70 60; 70; 49.9961; 16.8825
60 50; 5; 50.0129; 22.1948
60 50 50 40; 5; 50.0129; 21.0206
70 70 70 70 70; 13; 49.9961; 20.4672
50 45; 8; 50.0129; 22.215
50 40; 24; 50.0129; 22.1818
50 40 70 60; 24; 49.9961; 20.8029
50 40 60 60; 35; 49.9961; 20.8381
50 40 80 70; 24; 49.9961; 20.6342
50 40 70 60 70 70 60; 51; 49.9961; 19.3989
50 40 80 70 60 50; 24; 49.9961; 19.6912
50 40 60 60 70 70 50; 41; 49.9961; 19.4642
50 40 70 60 70 70 60 70 60; 51; 49.9961; 18.5736
50 40 60 60 70 70 50 80 80 80 80 80 60; 41; 49.9961; 17.8079
50 40 60 60 70 70 50 60 60 60; 70; 49.9793; 18.565
50 40 60 60 70 70 50 60 60 60 70 70 70; 70; 49.9793; 17.7498
50 40 60 60 70 70 50 60 60 60 50 40; 70; 49.9961; 17.9211
50 40 60 60 70 70 50 60 60 60 80 80 80 70; 70; 49.9961; 17.4423
50 40 60 60 70 70 50 60 60 60 70 70 70 70 70; 70; 49.9961; 17.3933
50 40 60 60 70 70 50 60 60 60 70 70 70 70 70 70 70 70; 70; 49.9793; 16.82
50 40; 3; 50.0129; 22.2694
60 50 70 70 70; 20; 49.9961; 20.5309
60 50 50 45; 8; 49.9961; 20.9265
50 45 70 60; 47; 50.0129; 20.8436
50 45; 47; 49.9793; 22.0335
50 45 70 60 60 60; 47; 49.9793; 19.7699
50 45 55; 57; 49.9961; 21.0076
50 45 70 70 60; 51; 49.9961; 20.2741
50 45 55 60 50; 57; 49.9961; 20.079
50 45 55 60 60 60; 60; 49.9961; 19.6976
50 45 70 70 60 70 60; 51; 49.9961; 19.3075
50 45 55 60 60 60 80 80 80 80 80 60; 60; 49.9961; 17.9693
50 45 55 60 60 60 60 60 60; 70; 49.9961; 18.6241
50 45 55 60 60 60 60 60 60 70 70 70; 70; 49.9961; 17.8339
50 45 55 60 60 60 60 60 60 50 40; 70; 49.9961; 18.0347
50 45 55 60 60 60 60 60 60 80 80 80 70; 70; 49.9961; 17.5455
50 45 55 60 60 60 60 60 60 70 70 70 70 70; 70; 49.9961; 17.4794
50 45 55 60 60 60 60 60 60 50 40 70 70 60; 70; 49.9961; 17.383
50 35; 26; 49.9961; 22.1897
50 40 60 50 50 45; 8; 49.9961; 20.0249
50 45 70 60; 42; 49.9961; 20.7704
50 45; 42; 50.0129; 22.1547
50 45 55 60; 57; 49.9961; 20.3426
50 45 55; 57; 49.9961; 21.0558
50 45 70 70 60; 51; 49.9961; 20.3652
50 45 55 60 50; 57; 49.9961; 20.0091
50 45 55 60 60 60; 60; 49.9961; 19.6811
50 45 70 70 60 70 60; 51; 49.9961; 19.3732
50 45 55 60 60 60 80 80 80 80 80 60; 60; 49.9793; 17.8302
50 45 70 70 60 70 60 70 70 60; 55; 49.9961; 18.3146
50 45 70 70 60 70 60 70 70 60 70 70 70; 55; 49.9961; 17.5235
50 45 70 70 60 70 60 70 70 60 50 40; 55; 49.9961; 17.7524
50 45 55 60 60 60 80 80 80 80 80 60 70 70 70 70 70 70; 60; 49.9961; 16.7465
50 45 70 70 60 70 60 70 70 60 70 70 70 70 70; 55; 49.9961; 17.2572
50 45 70 70 60 70 60 70 70 60 70 70 70 70 70 70 70 70; 55; 49.9793; 16.6614
70 70 70 70 70 50 45; 9; 49.9961; 19.6359
50 35 50 45 70 60; 42; 49.9961; 19.8581
50 35 50 45; 42; 49.9961; 20.9016
50 35 50 45 55 60; 57; 49.9793; 19.4301
50 35 50 45 55; 57; 49.9961; 20.0214
50 35 50 45 70 70 60; 51; 49.9961; 19.464
50 35 50 45 55 60 50; 57; 49.9961; 19.2718
50 35 50 45 55 60 60 60; 60; 49.9961; 19.0404
50 35 50 45 70 70 60 70 60; 51; 49.9961; 18.6245
50 35 50 45 55 60 60 60 80 80 80 80 80 60; 60; 49.9793; 17.5575
50 35 50 45 70 70 60 70 60 70 70 60; 55; 49.9961; 17.7341
50 35 50 45 70 70 60 70 60 70 70 60 70 70 70; 55; 49.9961; 17.0915
50 35 50 45 70 70 60 70 60 70 70 60 50 40; 55; 49.9961; 17.2392
50 35 50 45 70 70 60 70 60 70 70 60 80 80 80 70; 55; 49.9961; 16.8282
50 35 50 45 70 70 60 70 60 70 70 60 70 70 70 70 70; 55; 49.9961; 16.8142
50 35 50 45 70 70 60 70 60 70 70 60 50 40 70 70 60; 55; 49.9961; 16.7777
50 40; 25; 50.0129; 22.1897
50 40 70 60; 25; 49.9961; 20.763
50 40 60 60; 35; 49.9961; 20.8649
50 40 80 70; 25; 49.9961; 20.68
50 40 70 60 70 70 60; 51; 49.9793; 19.4943
50 40 80 70 60 50; 25; 49.9961; 19.7118
50 40 60 60 70 70 50; 41; 49.9961; 19.4738
50 40 80 70 60 50 60 60 50; 25; 49.9961; 18.782
50 40 60 60 70 70 50 80 80 80 80 80 60; 41; 49.9961; 17.6476
50 40 60 60 70 70 50 60 60 60; 70; 49.9961; 18.5455
50 40 60 60 70 70 50 60 60 60 70 70 70; 70; 49.9961; 17.7254
50 40 60 60 70 70 50 60 60 60 50 40; 70; 49.9961; 17.9319
50 40 60 60 70 70 50 60 60 60 80 80 80 70; 70; 49.9961; 17.46
50 40 60 60 70 70 50 60 60 60 70 70 70 70 70; 70; 49.9793; 17.3633
50 40 60 60 70 70 50 60 60 60 70 70 70 70 70 70 70 70; 70; 49.9961; 16.7688
70 60; 21; 49.9961; 22.0009
60 60; 35; 50.0129; 22.1216
80 70; 22; 50.0129; 21.9124
70 60 70 70 60; 51; 49.9793; 20.3426
80 70 60 50; 22; 49.9961; 20.6726
80 70 60 60 60; 60; 49.9961; 20.2876
80 70 60 50 60 60 50; 22; 49.9961; 19.5687
80 70 60 60 60 80 80 80 80 80 60; 60; 49.9961; 18.1552
80 70 60 60 60 60 60 60; 70; 49.9793; 19.1362
80 70 60 60 60 60 60 60 70 70 70; 70; 49.9961; 18.2638
80 70 60 60 60 60 60 60 50 40; 70; 49.9961; 18.5306
80 70 60 60 60 80 80 80 80 80 60 70 70 70 70 70 70; 60; 49.9961; 17.077
80 70 60 60 60 60 60 60 70 70 70 70 70; 70; 49.9793; 17.7969
80 70 60 60 60 60 60 60 70 70 70 70 70 70 70 70; 70; 49.9961; 17.1789
70 60 60 60; 35; 49.9961; 20.7399
55; 57; 50.0129; 22.4734
70 70 60; 51; 50.0129; 21.5892
55 60 50; 57; 49.9961; 21.2031
55 60 60 60; 60; 49.9961; 20.7112
70 70 60 70 60; 51; 49.9961; 20.2868
55 60 60 60 80 80 80 80 80 60; 60; 49.9961; 18.577
70 70 60 70 60 70 70 60; 55; 49.9961; 18.9821
70 70 60 70 60 70 70 60 70 70 70; 55; 49.9961; 18.151
70 70 60 70 60 70 70 60 50 40; 55; 49.9961; 18.3936
55 60 60 60 80 80 80 80 80 60 70 70 70 70 70 70; 60; 49.9793; 17.4024
70 70 60 70 60 70 70 60 70 70 70 70 70; 55; 49.9961; 17.7501
70 70 60 70 60 70 70 60 70 70 70 70 70 70 70 70; 55; 49.9961; 17.1481
60; 2; 1200.02; 22.5709
60 60 70 60 70 70 60; 51; 49.9961; 19.5614
70 70 50 60 60; 41; 50.0129; 20.515
70 70 50; 41; 49.9961; 21.5451
70 70 50 60 60 60 70 70 60; 70; 49.9961; 18.8917
70 70 50 80 80 80 80 80 60; 41; 49.9961; 18.8849
70 70 50 60 60 60; 70; 49.9961; 20.0145
70 70 50 60 60 60 70 70 70; 70; 49.9961; 18.8903
70 70 50 60 60 60 50 40; 70; 49.9961; 19.3024
70 70 50 60 60 60 80 80 80 70; 70; 49.9793; 18.6463
70 70 50 60 60 60 70 70 70 70 70; 70; 49.9961; 18.4874
70 70 50 60 60 60 50 40 70 70 60; 70; 49.9961; 18.442
55 70 70 60; 60; 49.9961; 20.8316
60 50; 16; 50.0129; 22.1465
60 60 60; 60; 50.0129; 21.7254
60 50 60 60 50; 16; 49.9961; 20.612
60 60 60 80 80 80 80 80 60; 60; 49.9961; 19.0029
60 60 60 60 60 60; 70; 49.9961; 20.1627
60 60 60 60 60 60 70 70 70; 70; 49.9961; 18.9912
60 60 60 60 60 60 50 40; 70; 49.9961; 19.2993
60 60 60 80 80 80 80 80 60 70 70 70 70 70 70; 60; 49.9961; 17.4995
60 60 60 60 60 60 70 70 70 70 70; 70; 49.9961; 18.6698
60 60 60 60 60 60 50 40 70 70 60; 70; 49.9961; 18.5835
70 60 60 60 50; 48; 50.0129; 20.5638
70 60 70 70 60 60 60 60; 79; 49.9961; 19.1239
70 60; 48; 49.9961; 21.9262
70 60 70 70 60 80 80 80 70 70 70 70 70 70 70; 55; 49.9961; 17.3002
70 60 70 70 60; 55; 49.9961; 20.2012
70 60 70 70 60 70 70 70; 55; 49.9961; 19.0762
70 60 70 70 60 50 40; 55; 49.9793; 19.3618
70 60 70 70 60 80 80 80 70; 55; 49.9793; 18.7346
70 60 70 70 60 70 70 70 70 70; 55; 49.9793; 18.6356
70 60 70 70 60 70 70 70 70 70 70 70 70; 55; 49.9961; 17.9396
60 60; 4; 100.009; 22.2326
60 60 50; 14; 49.9961; 21.7992
60 60 80 80 80 80 80 60; 28; 49.9961; 19.263
60 60 50 70 70 60; 55; 49.9961; 20.1662
60 60 50 70 70 60 70 70 70; 55; 49.9961; 18.9552
60 60 50 70 70 60 50 40; 55; 49.9961; 19.2764
60 60 80 80 80 80 80 60 70 70 70 70 70 70; 28; 49.9961; 17.7389
60 60 50 70 70 60 70 70 70 70 70; 55; 49.9961; 18.6726
60 60 50 70 70 60 70 70 70 70 70 70 70 70; 55; 49.9961; 17.9077
60 60 60 70 70 60; 70; 50.0129; 20.1819
80 80 80 80 80 60; 28; 50.0129; 20.139
60 60 60; 70; 49.9961; 21.5861
60 60 60 70 70 70; 70; 49.9961; 20.0365
60 60 60 50 40; 70; 49.9961; 20.4733
60 60 60 80 80 80 70; 70; 49.9961; 19.7833
60 60 60 70 70 70 70 70; 70; 49.9961; 19.6702
60 60 60 70 70 70 70 70 70 70 70; 70; 49.9961; 18.8019
70 70 60 80 80 80 70 70 70 70 70 70 70; 55; 49.9961; 17.9977
70 70 60; 55; 49.9961; 21.4763
70 70 60 70 70 70; 55; 49.9961; 19.9661
70 70 60 50 40; 55; 49.9961; 20.3627
70 70 60 80 80 80 70; 55; 49.9793; 19.5734
70 70 60 70 70 70 70 70; 55; 49.9793; 19.4584
70 70 60 50 40 70 70 60; 55; 49.9793; 19.3118
70 70 70 70 70 70 80 80 80 70; 30; 50.0129; 18.9816
70 70 70 70 70 70 80 80 80 70 70 70 70; 30; 49.9961; 18.0165
70 70 70 70 70 70 80 80 80 70 50 40; 33; 49.9961; 18.2154
70 70 70 70 70 70; 22; 49.9961; 20.4512
70 70 70 70 70 70 80 70; 22; 49.9961; 19.5407
70 70 70 70 70 70 80 70 70 70 70; 22; 49.9961; 18.7007
70 70 70; 28; 50.0129; 21.6328
50 40; 33; 50.0129; 22.2014
80 80 80 70; 25; 49.9961; 20.8366
70 70 70 70 70; 40; 150.022; 21.0602
50 40 70 70 60; 33; 49.9961; 20.5921
50 50; 1; 100.009; 22.2981
70 70 70 80 80 80 70; 27; 49.9961; 19.6007
70 70 70 70 70 70 70 70; 40; 49.9961; 19.5698
50 50 70 70 60; 12; 49.9961; 20.7022
50 40 80 80 80 70; 46; 49.9961; 19.9505
50 40 70 70 70 70 70; 46; 49.9961; 19.9788
70 70 60; 12; 50.0129; 21.7427
80 70; 3; 50.0129; 22.0052
80 70 70 70 70; 14; 49.9961; 20.4688
70 70 70; 14; 50.0129; 21.7345
70 70 70 50 35 50 45 70 60 50 40; 44; 50.0129; 18.2753
70 70 50 40 70 60 50 45; 49; 49.9961; 18.9628
70 70 50 40 70 60 50 45; 46; 49.9961; 18.9417
70 70 70; 20; 49.9961; 21.6349
60 50 50 45 70 60 50 40; 49; 49.9961; 19.0173
60 50 60 50 50 40; 46; 49.9961; 19.8059
70 70 70 50 35 50 45; 44; 49.9961; 19.6201
70 70 50 40 60 60; 46; 49.9961; 19.7308
70 70 50 40 70 60 55; 49; 49.9961; 19.0515
60 50 50 40 50 45 70 70 60; 49; 49.9961; 18.7449
70 70 50 40 80 70 60 50; 46; 49.9961; 18.7523
60 50 50 45 55 60 50 60 60; 49; 50.0129; 18.585
60 50 50 45 55 60 50 60 60 50; 49; 49.9961; 18.2885
60 50 50 45 70 60 80 70 60 60 60 80 80 80 80 80 60; 51; 49.9961; 16.5188
70 70 50 45 50 40 60 60 70 70 50 60 60 60; 51; 50.0129; 17.5497
70 70 50 40 60 60 70 70 50 60 60 60 70 70 70; 51; 49.9961; 17.0579
60 50 50 45 55 60 60 60 60 60 60 70 70 70 50 50; 51; 49.9961; 16.8293
70 70 50 40 60 60 70 70 50 80 80 80 80 80 60 70 70 70 70 70 70; 51; 49.9961; 15.981
70 70 50 40 80 70 60 60 60 60 60 60 70 70 70 70 70; 51; 49.9961; 16.7598
70 70 50 40 60 60 70 70 50 60 60 60 70 70 70 70 70 70 70 70; 51; 49.9961; 16.2506
60 50; 21; 100.009; 22.1966
70 70 60 50 50 40; 25; 49.9961; 19.7818
70 70 60 50 50 40 50 35; 25; 49.9961; 19.0291
50 45; 8; 49.9961; 22.2164
50 40; 46; 49.9793; 22.0449
60 50 50 45; 49; 49.9961; 20.8398
60 50 50 45 55 60; 49; 49.9961; 19.4047
60 50 50 45 55; 49; 49.9961; 20.0328
50 40 70 60 70 70 60; 49; 49.9961; 19.3506
50 45 50 40 80 70 60 50; 46; 49.9961; 18.9634
50 40 70 60 55 60 60 60; 50; 49.9961; 18.82
50 45 50 40 80 70 60 50 60 60 50; 46; 49.9961; 18.1512
50 40 60 60 60 60 60 60 80 80 80 80 80 60; 51; 49.9793; 17.1839
60 50 50 45 70 70 60 70 60 70 70 60; 50; 49.9961; 17.7537
50 40 60 60 70 70 50 60 60 60 50 40 50 50; 51; 49.9961; 17.3383
50 40 60 60 70 70 50 60 60 60 50 40; 51; 49.9961; 17.8115
50 40 60 60 70 70 50 80 80 80 80 80 60 70 70 70 70 70 70; 51; 49.9793; 16.4838
50 40 80 70 60 60 60 80 80 80 80 80 60 70 70 70 70 70 70 80 70; 51; 49.9793; 16.0349
50 40 60 60 70 70 50 60 60 60 50 40 70 70 60; 51; 49.9961; 17.174
60 50 70 70 70 70 70 50 35; 25; 49.9961; 18.8509
60 50 70 70 70; 24; 49.9961; 20.5003
50 45 70 60 50 40; 49; 49.9961; 19.7148
50 40 50 45 70 60; 44; 49.9961; 19.7842
50 40 50 45; 44; 49.9961; 20.8226
50 45 55 60; 49; 49.9961; 20.25
60 50 50 40 80 70; 46; 49.9961; 19.6475
60 50 50 40 70 60 70 70 60; 49; 49.9961; 18.6249
50 45 55 60 50; 49; 49.9793; 19.931
50 40 50 45 55 60 60 60; 50; 49.9961; 18.9515
60 50 50 40 80 70 60 50 60 60 50; 46; 49.9961; 18.041
60 50 50 40 80 70 60 60 60 80 80 80 80 80 60; 51; 49.9961; 16.9916
50 40 50 45 70 70 60 70 60 70 70 60; 50; 49.9961; 17.7625
50 45 70 70 60 70 60 70 70 60 70 70 70; 50; 49.9793; 17.5656
50 45 70 70 60 70 60 70 70 60 50 40; 50; 49.9793; 17.7152
50 45 55 60 50 60 60 60 60 60 80 80 80 70; 51; 49.9961; 17.1663
50 45 70 70 60 70 60 70 70 60 70 70 70 70 70; 50; 49.9961; 17.2023
50 45 70 70 60 70 60 70 70 60 70 70 70 70 70 70 70 70; 50; 49.9961; 16.6183
50 45 50 45 60 50 70 70 70; 49; 49.9961; 18.7913
50 45 70 60 50 40; 44; 49.9961; 19.7041
50 40 60 50 50 40; 46; 49.9961; 19.8518
50 35 70 70 70 60 50 50 45; 49; 49.9793; 18.9423
50 45 70 60 60 60; 46; 49.9961; 19.7048
50 40 60 50 50 40 80 70; 46; 49.9961; 18.9281
50 45 55 60 50 60 60 50 70 60; 49; 49.9961; 18.341
50 45 55 60 60 60 60 60; 50; 49.9961; 18.922
50 45 55 60 60 60; 50; 49.9961; 19.6772
50 40 50 45 70 70 60 70 60; 49; 49.9961; 18.6865
50 45 55 60 70 70 50 80 80 80 80 80 60; 51; 49.9961; 17.2948
50 40 50 45 70 70 60 70 60 70 70 60; 50; 49.9961; 17.7815
50 40 50 45 70 70 60 70 60 70 70 60 70 70 70; 50; 49.9961; 17.1403
50 45 55 60 60 60 60 60 60 70 70 70 50 50; 51; 49.9961; 17.3119
50 45 55 60 60 60 80 80 80 80 80 60 70 70 70 70 70 70; 51; 49.9961; 16.6218
50 45 55 60 60 60 60 60 60 70 70 70 70 70; 51; 49.9961; 17.4939
50 45 70 70 60 70 60 70 70 60 70 70 70 70 70 70 70 70; 50; 49.9961; 16.6266
70 70 70 70 70 50 40 50 40; 46; 49.9961; 18.8017
50 35 50 45 70 60; 44; 49.9961; 19.816
70 70 70 60 50 50 45; 49; 49.9961; 19.608
50 35 50 45 55 80 70 60 60; 50; 49.9793; 18.3412
70 70 70 70 70 50 40 80 70; 46; 49.9961; 18.6395
70 70 70 70 70 50 40 70 60 70 70 60; 49; 49.9961; 17.8353
50 35 50 45 70 60 80 70 60 50; 46; 49.9793; 18.1945
50 35 50 45 55 60 50 60 60; 49; 49.9961; 18.5275
50 35 50 40 50 45 70 70 60 70 60; 49; 49.9961; 18.0801
50 35 50 45 55 60 60 60 80 80 80 80 80 60; 51; 49.9961; 17.2174
50 35 50 45 70 70 60 70 60 70 70 60; 50; 49.9793; 17.8354
70 70 70 60 50 50 45 55 60 60 60 60 60 60 70 70 70; 51; 49.9961; 16.7532
50 35 50 45 70 70 60 70 60 70 70 60 50 40; 50; 49.9961; 17.298
50 35 50 45 70 70 60 70 60 70 70 60 80 80 80 70; 50; 49.9961; 16.9237
50 35 50 45 55 60 60 60 80 80 80 80 80 60 70 70 70 70 70 70 80 70; 51; 49.9961; 15.8018
50 35 50 45 55 60 60 60 60 60 60 50 40 70 70 60; 51; 49.9793; 16.8942
50 45 60 50 50 45 70 60; 49; 49.9961; 19.11
50 45 60 50 50 45; 49; 49.9961; 19.9358
50 40 80 70 60; 46; 49.9961; 19.9429
50 45 60 50 50 45 55; 49; 49.9961; 19.2815
50 45 60 50 50 45 70 70 60; 49; 49.9961; 18.8118
50 40 80 70 60 50; 46; 49.9961; 19.5967
50 40 80 70 60 50 60 60; 46; 49.9961; 18.8742
50 40 80 70 60 50 60 60 50; 46; 49.9961; 18.6751
50 40 60 60 70 70 50 80 80 80 80 80 60; 51; 49.9961; 17.538
50 40 80 70 60 60 60 60 60 60; 51; 49.9961; 18.4403
50 40 60 60 70 70 50 60 60 60 50 40 50 50; 51; 49.9961; 17.375
50 40 60 60 60 60 60 60 60 60 60 50 40; 51; 49.9961; 17.5128
50 40 80 70 60 60 60 80 80 80 80 80 60 70 70 70 70 70 70; 51; 49.9961; 16.4108
50 40 60 60 60 60 60 60 60 60 60 70 70 70 70 70; 51; 49.9961; 17.0474
50 40 60 60 60 60 60 60 60 60 60 50 40 70 70 60; 51; 49.9961; 17.016
50 40 60 50 50 45; 49; 49.9961; 19.9374
80 70 60; 46; 50.0129; 20.9554
50 40 60 50 50 45 55; 49; 49.9961; 19.3066
70 60 70 70 60; 49; 49.9961; 20.2721
60 60 70 70 50 60 60; 46; 49.9961; 19.4871
80 70 60 70 70 50; 46; 49.9793; 19.4846
80 70 60 50 60 60 50; 46; 49.9961; 19.4178
60 60 70 70 50 80 80 80 80 80 60; 51; 49.9961; 18.1467
80 70 60 50 60 60 50 70 70 60; 50; 49.9961; 18.3604
60 60 70 70 50 60 60 60 70 70 70; 51; 49.9961; 18.2411
60 60 70 70 50 60 60 60 50 40; 51; 49.9961; 18.4947
60 60 70 70 50 80 80 80 80 80 60 70 70 70 70 70 70; 51; 49.9961; 16.8681
80 70 60 60 60 80 80 80 80 80 60 70 70 70 70 70 70 80 70; 51; 49.9793; 16.3649
60 60 70 70 50 80 80 80 80 80 60 70 70 70 70 70 70 80 70 70 70 70; 51; 49.9961; 15.9459
70 60 80 70 60; 46; 49.9793; 19.826
70 60 60 60 60; 46; 49.9961; 19.9469
55 60 50 60 60 50 70 60; 49; 49.9961; 18.9363
70 60 80 70 60 50; 46; 49.9961; 19.5422
70 60 80 70 60 60 60; 50; 49.9961; 19.357
70 70 60 70 60; 49; 50.0129; 20.3996
55 60 60 60 80 80 80 80 80 60; 51; 49.9961; 18.4029
55 60 60 60 60 60 60; 51; 49.9961; 19.4379
70 70 60 70 60 70 70 60 70 70 70; 50; 49.9961; 18.1727
70 70 60 70 60 70 70 60 50 40; 50; 49.9961; 18.3508
70 60 60 60 70 70 50 80 80 80 80 80 60 70 70 70 70 70 70; 51; 49.9961; 16.4629
70 70 60 70 60 70 70 60 70 70 70 70 70; 50; 49.9961; 17.7586
70 70 60 70 60 70 70 60 50 40 70 70 60; 50; 49.9961; 17.5569
60; 31; 50.0129; 22.5039
60 60 80 70 55 70 70 60; 49; 49.9793; 18.8223
60 60 60 60 60 60; 50; 49.9961; 19.7596
60 60 80 70 60 60 60; 50; 49.9793; 19.4493
70 70 50 60 60 60 60 50; 45; 49.9961; 19.2638
60 60 50 60 60 80 80 80 80 80 60; 51; 49.9793; 17.8896
60 60 80 70 60 60 60 60 60 60; 51; 49.9961; 18.6408
70 70 50 60 60 60 50 40 50 50; 51; 49.9961; 18.5563
60 60 60 60 60 60 60 70 70 70 50 50; 51; 49.9793; 18.1502
70 70 50 80 80 80 80 80 60 70 70 70 70 70 70; 51; 49.9961; 17.3444
70 70 50 80 80 80 80 80 60 70 70 70 70 70 70 80 70; 51; 49.9961; 16.9125
70 70 50 60 60 60 70 70 70 70 70 70 70 70; 51; 49.9793; 17.7273
60 50 60 60 50 70 60; 46; 49.9961; 19.5003
60 50; 43; 49.9961; 22.0085
60 50 60 60; 43; 49.9961; 20.7669
60 50 60 60 50; 43; 49.9961; 20.4544
60 60 60 80 80 80 80 80 60; 51; 50.0129; 19.0484
60 60 60 80 80 80 80 80 60 70 70 70 70 70 70 80 80 80 70; 51; 49.9961; 16.6488
60 50 60 60 50 70 70 60 70 70 70; 50; 49.9793; 18.3018
60 60 60 60 60 60 50 40; 51; 49.9961; 19.3268
60 60 60 80 80 80 80 80 60 70 70 70 70 70 70; 51; 49.9961; 17.372
60 70 70 50 60 60 60 70 70 70 70 70; 51; 49.9961; 18.0617
60 50 60 60 50 70 70 60 50 40 70 70 60; 50; 49.9961; 17.8194
70 70 60 70 60 80 70 60 50; 47; 49.9961; 18.5903
70 70 60 70 60 60 60 70 70 50; 47; 49.9793; 18.5147
70 60; 43; 49.9961; 21.9421
70 60 60 60 50 60 60 80 80 80 80 80 60; 51; 49.9961; 17.6507
70 70 60 70 60 60 60 70 70 50 60 60 60; 51; 49.9793; 17.7635
70 60 70 70 60 70 70 70; 50; 49.9961; 19.0658
70 60 70 70 60 70 70 70 70 70 70 70 70 70 70 60; 50; 49.9961; 17.136
70 60 70 70 60 80 80 80 70; 50; 49.9961; 18.6785
70 60 60 60 50 60 60 60 60 60 70 70 70 70 70; 51; 49.9961; 17.486
70 60 70 70 60 50 40 70 70 60; 50; 49.9961; 18.3897
60 60; 30; 49.9961; 22.0936
60 50 55 70 70 60 70 60; 49; 49.9961; 18.9466
60 50 60 70 70 50 80 80 80 80 80 60; 51; 49.9961; 17.8313
60 50 60 70 70 50 60 60 60; 51; 49.9961; 18.7477
60 60 50 70 70 60 50 40 50 50; 50; 50.0129; 18.7438
60 60 50 70 70 60 50 40; 50; 49.9961; 19.2337
60 60 80 80 80 80 80 60 70 70 70 70 70 70; 51; 49.9961; 17.582
60 60 50 70 70 60 70 70 70 70 70; 50; 49.9961; 18.6025
60 60 60 60 60 50 40 70 70 60; 51; 49.9961; 18.539
60 60 60 60 50; 36; 49.9961; 20.5541
80 80 80 80 80 60; 51; 49.9961; 19.9046
60 60 60 60 50 70 70 60; 50; 49.9961; 19.3088
60 60 60 50 40 50 50; 51; 49.9961; 19.6655
60 60 60 70 70 70 50 50; 51; 49.9961; 19.2532
60 60 60 70 70 70 70 70 80 70; 51; 49.9961; 18.7135
60 60 60 60 50 70 70 60 70 70 70 70 70; 50; 49.9961; 18.0912
80 80 80 80 80 60 70 70 70 70 70 70 80 70 70 70 70; 51; 49.9961; 16.9308
60 60 50 60 60 80 80 80 80 80 60; 51; 49.9961; 18.266
60 60 50 60 60 60 60 60; 51; 49.9793; 19.3946
70 70 60 50 40 50 50; 50; 49.9961; 19.5156
70 70 60 50 40; 50; 49.9961; 20.316
60 60 50 60 60 80 80 80 80 80 60 70 70 70 70 70 70; 51; 49.9961; 17.2176
70 70 60 50 40 70 70 60 70 70 70; 50; 49.9961; 18.3019
70 70 60 70 70 70 70 70 70 70 70; 50; 49.9961; 18.5607
70 70 70 70 70 70 80 80 80 70; 39; 50.0129; 18.9543
70 70 70 70 70 70 80 70 70 70 70 70 70 70 70 70; 39; 49.9961; 17.3556
70 70 70 70 70 70 80 80 80 70 50 40; 40; 49.9961; 18.1796
70 70 70 70 70 70; 39; 49.9961; 20.4186
70 70 70 70 70 70 80 70; 39; 49.9961; 19.3821
70 70 70 70 70 70 80 70 70 70 70; 39; 49.9961; 18.4692
70 70 70; 29; 50.0129; 21.6274
70 70 70 70 70 70 70 70 70 70 60; 34; 49.9961; 18.5097
80 80 80 70; 25; 50.0129; 20.9623
50 40 70 70 60 70 70 70; 40; 49.9961; 19.2717
50 40 70 70 60; 40; 49.9961; 20.3893
70 70 70 70 70 70 70 70 70 70 70 70 70 60; 34; 49.9961; 17.7078
50 50 50 40 80 80 80 70; 45; 49.9961; 19.1312
70 70 70 70 70 70 70 70; 34; 49.9961; 19.5331
70 70 70 80 80 80 70 80 70 70 70 70; 31; 49.9961; 17.8314
70 70 60 70 70 70 70 70 70 70 70 80 80 80 70; 36; 49.9793; 17.5441
50 40 80 80 80 70 80 70; 45; 49.9961; 19.0348
70 70 60; 26; 150.022; 21.7264
80 80 80 70 70 70 70 70 70; 34; 49.9961; 19.0661
80 80 80 70 50 40 70 70 60; 40; 49.9961; 18.8537
70 70 70 70 70 50 40 70 70 60; 40; 49.9793; 18.7604
