60 60 60 60 60; 5; 50.0129; 21.4016
70 70 60; 14; 50.0129; 21.7621
50 50 50 50 50 50 50 50 50 50 50 50 50 50 50; 17; 50.0129; 19.3127
70 70 70 70 70; 29; 50.0129; 21.0628
70 70 70 70 70; 9; 50.0129; 21.2568
60 60 60 60 60 70 70 70 70 70 70 70 70 70 70 70 70 70 70 70; 24; 49.9961; 17.8377
70 70 70 70 70 80 80 80 80 80 70; 29; 49.9961; 19.034
50 50 50 50 50 50 50 50 50 50 50 50 50 50 50 80 80 60; 18; 49.9961; 18.2358
70 70 70 70 70 70 70 70 70 70 60; 9; 49.9961; 19.3339
70 70 70 70 70 80 80 80 80 80 80 80 80 80 80 80 70; 51; 49.9961; 17.6005
70 70 60 70 70 70 70 70 70 70 70 70 50; 34; 49.9961; 18.6238
70 70 70 70 70 80 80 80 80 80 80 80 80 80 80 80 80 80 80 80 80 80 80 80 80; 64; 49.9961; 16.2975
70 70 70 70 70 50 50 50 50 50 50 50 50 50 50 50 50 50 50 50 50 50 50 50 50 50 50 50; 61; 49.9961; 16.5659
50 50 50 50 50 50 50 50 50 50 50 50 50 50 50 80 80 60 60 60 60 60 60 60 60 60 50; 24; 49.9961; 16.7168
50 50 50 50 50 50 50 50 50 50 50 50 50 50 50 80 80 60 60 60 60 60 60 60 60 60 60 60 60 60 60 60 60 60 60 60 60 60 60 60 60 60 60; 33; 49.9961; 15.2698
70 70 70 70 70 80 80 80 80 80 80 80 80 80 80 80 70 60 60 60 60 60 60 60 60 50; 51; 49.9961; 16.3273
70 70 70 70 70 80 80 80 80 80 80 80 80 80 80 80 70 40 40 40 40 40 40 40 40 40 40 40 40 40 40 40 40 40 40 40 40 40 40 40 40 40 40 40 40 40 40 40 40 40 40 40 40 40 40 40 40 30; 53; 49.9961; 13.9393
70 70 70 70 70 50 50 50 50 50 50 50 50 50 50 50 50 50 50 50 50 50 50 50 50 50 50 50 40 40 40 40 40 40 40 40 40 40 30; 61; 49.9961; 15.5246
60 60 60 60 60 70 70 60; 16; 49.9961; 19.7501
60 60 60 60 60 60 60 60 45; 6; 50.0129; 20.4092
80 80 80 80 80; 23; 50.0129; 20.9514
60 60 60 60 60 70 70 70 70 70; 16; 49.9961; 19.5451
70 70 70 70 70 70 70 70 70 70 70 70 70 70 70; 24; 50.0129; 18.9117
80 80 80 80 80 80 80 80 80 80; 14; 50.0129; 19.7756
50 50 50 50 50 50 50 50 50 50 50 50 50; 39; 50.0129; 19.5714
60 60 60 60 60 60 60 60 45 70 70 70 70 70 70 70 70 70; 6; 49.9961; 18.2512
80 80 80 80 80 80 80 80 80 80 80 80 80 80 80 80 70; 51; 49.9961; 17.6687
80 80 80 80 80 50 50 50 50 50 50 50 50 50 50 50 50 50 50 50 50 50 50 50 50 50 50 50 50 50 50 50 50 50 50 50 50 50; 61; 49.9961; 15.7179
80 80 80 80 80 80 80 80 80 80 80 80 80 80 80 80 80 80 80 80 80 80 80 80 80; 64; 49.9961; 16.3288
80 80 80 80 80 50 50 50 50 50 50 50 50 50 50 50 50 50 50 50 50 50 50 50 50 50 50 50; 61; 49.9961; 16.575
50 50 50 50 50 50 50 50 50 50 50 50 50 60 60 60 60 60 60 60 60 50; 39; 49.9961; 17.6726
50 50 50 50 50 50 50 50 50 50 50 50 50 60 60 60 60 60 60 60 60 60 60 60 60 60 60 60 60 60 60 60 60 60 60 60 60 60; 39; 49.9961; 16.0117
80 80 80 80 80 80 80 80 80 80 80 80 80 80 80 80 70 60 60 60 60 60 60 60 60 50; 51; 49.9961; 16.3466
80 80 80 80 80 80 80 80 80 80 80 80 80 80 80 80 70 40 40 40 40 40 40 40 40 40 40 40 40 40 40 40 40 40 40 40 40 40 40 40 40 40 40 40 40 40 40 40 40 40 40 40 40 40 40 40 40 30; 53; 49.9961; 13.9229
80 80 80 80 80 50 50 50 50 50 50 50 50 50 50 50 50 50 50 50 50 50 50 50 50 50 50 50 40 40 40 40 40 40 40 40 40 40 30; 61; 49.9961; 15.5399
70 70 60 50 50 50 50 50 50 50 50 50 50 50 50 50 50 50; 17; 49.9961; 18.2444
70 70 70 70 70; 23; 50.0129; 21.1295
80 80 80 80 60; 15; 350.006; 21.1945
70 70 70 70 70 80 80 80 80 80 80 80 80 80 80 80 80 80 80 80 80 80 80 80 80 30 30 30 30 30 30 30 30 30 30 30 30 30 30 30 30 30; 64; 49.9961; 15.2245
70 70 70 70 70 80 80 80 80 80 70; 23; 49.9961; 19.0591
50 50 50 50 50 50 50 50 50 50 50 50 50 50 50 50 50 50 50 50 50 50 50 50 50 50 50 50; 17; 50.0129; 17.4939
50 50 50 50 50 50 50 50 50 50 50 50 50 50 50; 17; 49.9961; 19.2063
70 70 70 70 70 70 70 70 70; 10; 50.0129; 20.2722
70 70 70 70 70 70 70 70 70 50; 34; 50.0129; 19.787
70 70 70 70 70 80 80 80 80 80 80 80 80 80 80 80 80 80 80 80 80 80 80 80 80; 64; 49.9961; 16.2452
70 70 70 70 70 50 50 50 50 50 50 50 50 50 50 50 50 50 50 50 50 50 50 50 50 50 50 50; 61; 49.9961; 16.5309
50 50 50 50 50 50 50 50 50 50 50 50 50 50 50 70 70 70 70 50 70 70 70 70; 18; 49.9961; 17.1393
50 50 50 50 50 50 50 50 50 50 50 50 50 50 50 50 50 50 50 50 50 50 50 50 50 50 50 50 60 60 60 60 60 60 60 60 60 60 60 60 60 60 60 60 60 60 60 60 60 60 60 60 60; 33; 49.9961; 14.7736
50 50 50 50 50 50 50 50 50 50 50 50 50 50 50 70 70 70 70 50; 17; 49.9961; 17.9677
70 70 70 70 70 70 70 70 70 40 40 40 40 40 40 40 40 40 40 40 40 40 40 40 40 40 40 40 40 40 40 40 40 40 40 40 40 40 40 40 40 40 40 40 40 40 40 40 40 30; 53; 49.9961; 15.2334
70 70 70 70 70 70 70 70 70 50 80 80 80 80 80 80 70; 34; 49.9961; 17.9093
50 50 50 50 50 50 50 50 50 50 50 50 50 50 50 70 70 70 70 70; 29; 49.9961; 18.1669
80 80 80 80 50; 9; 50.0129; 21.1313
60 60 60 60 60 60 60 60 45 70 70 70 70 70 70 70 70 70 70 70 70 70 70 70; 24; 49.9961; 17.1469
60 60 60 60 60 60 60 60 45 80 80 80 80 80 80 80 80 80 80; 15; 49.9961; 17.622
80 80 60; 18; 50.0129; 21.6512
70 70 70 70 70 70 70 70 70; 6; 50.0129; 20.2553
70 70 70 70 70 70 70 70 70 60 60 60 60 60; 11; 49.9961; 18.7939
50 50 50 50 50 50 50 50 50 50 50 50 50 50 50 70 70 60 70 70 70 70 70 70 70 70 70 50; 34; 49.9961; 16.8038
60 60 60 60 60 60 60 60 45 70 70 70 70 70 70 70 70 70 70 70 70 70 70 70 30 30 30 30 30 30 30 30 30 30 30 30 30 30 30 30 30; 28; 49.9961; 15.5824
50 50 50 50 50 50 50 50 50 50 50 50 50 50 50 70 70 70 70 70 50 50 50 50 50 50 50 50 50 50 50 50 50 50 50 50 50 50 50 50 50 50 50; 61; 49.9961; 15.2238
80 80 60 60 60 60 60 60 60 60 60 50; 24; 49.9961; 18.8274
80 80 60 60 60 60 60 60 60 60 60 60 60 60 60 60 60 60 60 60 60 60 60 60 60 60 60 60; 33; 49.9961; 16.5349
70 70 70 70 70 70 70 70 70 70 70 70 70 50; 12; 49.9961; 18.6927
70 70 70 70 70 70 70 70 70 60 60 60 60 60 40 40 40 40 40 40 40 40 40 40 40 40 40 40 40 40 40 40 40 40 40 40 40 40 40 40 40 40 40 40 40 40 40 40 40 40 40 40 40 40 30; 53; 49.9961; 14.5855
50 50 50 50 50 50 50 50 50 50 50 50 50 50 50 70 70 70 70 70 50 50 50 50 50 50 50 50 50 50 50 50 50 50 50 50 50 50 50 50 50 50 50 40 40 40 40 40 40 40 40 40 40 30; 61; 49.9961; 14.5393
70 70 70 70 70 70 70 70 70 70; 23; 49.9793; 19.3738
80 80 80 80 80 80 80 80 80 80 80 80 80 80 80 80 80 80 80 80 30 30 30 30 30 30 30 30 30 30 30 30 30 30 30 30 30; 64; 50.0129; 15.9837
80 80 80 80 80 70; 23; 100.009; 20.8278
80 80 80 80 80 80 80 80 80 80 80 70 50 50 50 50 50 50 50 50 50 50 50 50 50 50 50 50 50; 51; 50.0129; 16.7832
70 70 70 70 70 50 50 50 50 50 50 50 50 50 50 50 50 50 50 50; 17; 49.9961; 18.1368
80 80 80 80 80 80 80 80 80 80 80 70; 51; 49.9961; 18.6791
50 50 50 50 50 50 50 50 50 50 50 50 50 50 50 50 50 50 50 50 50 50 50 50 50 50 50 50 50 50 50 50 50; 61; 50.0129; 16.7261
80 80 80 80 80 80 80 80 80 80 80 80 80 80 80 80 80 80 80 80; 64; 49.9961; 16.9945
50 50 50 50 50 50 50 50 50 50 50 50 50 50 50 50 50 50 50 50 50 50 50; 61; 49.9961; 17.5935
80 80 80 80 80 80 80 80 80 80 80 70 50 50 50 50 50 50 50 50 50 50 50 50 50 50 50 50 50 60 60 60 60 60 60 60 60 50; 51; 49.9961; 15.4811
80 80 80 80 80 80 80 80 80 80 80 70 50 50 50 50 50 50 50 50 50 50 50 50 50 50 50 50 50 60 60 60 60 60 60 60 60 60 60 60 60 60 60 60 60 60 60 60 60 60 60 60 60 60; 51; 49.9793; 14.1304
80 80 80 80 80 80 80 80 80 80 80 70 60 60 60 60 60 60 60 60 50; 51; 49.9961; 17.2175
80 80 80 80 80 80 80 80 80 80 80 70 40 40 40 40 40 40 40 40 40 40 40 40 40 40 40 40 40 40 40 40 40 40 40 40 40 40 40 40 40 40 40 40 40 40 40 40 40 40 40 40 30; 53; 49.9961; 14.3658
50 50 50 50 50 50 50 50 50 50 50 50 50 50 50 50 50 50 50 50 50 50 50 40 40 40 40 40 40 40 40 40 40 30; 61; 49.9961; 16.4103
70 70 70 70 70 60 60 60 60 60 70 70 70 70 70 70 70 70 70 70 70 70 70 70 70; 24; 49.9961; 16.7891
70 70 70 70 70 70 70 70 70 70 80 80 80 80 80 70; 29; 49.9793; 17.7583
80 80 80 80 50 80 80 60; 18; 49.9961; 19.6269
70 70 70 70 70 60; 6; 50.0129; 20.9726
70 70 70 70 70 60 60 60 60 60 60; 11; 49.9961; 19.3154
80 80 80 80 60 70 70 70 70 70 70 70 70 70 50; 34; 49.9961; 18.265
70 70 70 70 70 70 70 70 70 70 80 80 80 80 80 80 80 80 80 80 80 80 80 80 80 80 80 80 80 80; 64; 49.9793; 15.525
70 70 70 70 70 70 70 70 70 70 50 50 50 50 50 50 50 50 50 50 50 50 50 50 50 50 50 50 50 50 50 50 50; 61; 49.9961; 15.8291
80 80 80 80 50 80 80 60 60 60 60 60 60 60 60 60 50; 24; 49.9961; 17.7569
80 80 80 80 50 80 80 60 60 60 60 60 60 60 60 60 60 60 60 60 60 60 60 60 60 60 60 60 60 60 60 60 60; 33; 49.9961; 15.9507
70 70 70 70 70 60 70 70 70 70 50; 12; 49.9961; 19.3241
70 70 70 70 70 60 60 60 60 60 60 40 40 40 40 40 40 40 40 40 40 40 40 40 40 40 40 40 40 40 40 40 40 40 40 40 40 40 40 40 40 40 40 40 40 40 40 40 40 40 40 30; 53; 49.9961; 14.7609
80 80 80 80 60 70 70 70 70 70 70 70 70 70 50 80 80 80 80 80 80 70; 34; 49.9961; 17.0352
70 70 70 70 70 70 70 70 70 70 70 70 70 70 70 80 80 80 80 80 80 80 80 80 80; 28; 49.9961; 16.7531
70 70 70 70 70 70 70 70 70 70 70 70 70 70 70 50 50 50 50 50 50 50 50 50 50 50 50 50; 39; 49.9961; 16.4608
70 70 70 70 70 70 70 70 70 70 70 70 70 70 70 50 50 50 50 50 50 50 50 50 50 50 50 50 50 50 50 50 50 50 50 50 50 50 50 50 50; 39; 49.9961; 15.3037
30 30 30 30 30 30 30 30 30 30 30 30 30 30 30 30 30 80 80 80 80 80 80 80 80 80 80 80 80 80 80 80 80 80 80 80 80 80 80 80 80 80 80 80 80 80 80 80 70; 52; 49.9793; 14.3298
70 70 70 70 70 70 70 70 70 70 70 70 70 70 70 60 60 60 60 60 70 70 60 70 70 70 70 70 70 70 70 70 50; 34; 49.9793; 15.6302
30 30 30 30 30 30 30 30 30 30 30 30 30 30 30 30 30; 28; 49.9961; 19.2529
30 30 30 30 30 30 30 30 30 30 30 30 30 30 30 30 30 80 80 80 80 80 80 80 80 80 80 80 80 80 80 80 80 80 80 80 80 50 50 50 50 50 50 50 50 50 50 50 50 50 50 50 50 50 50 50 50 50 50 50; 61; 49.9793; 13.6983
70 70 70 70 70 70 70 70 70 70 70 70 70 70 70 50 50 50 50 50 50 50 50 50 50 50 50 50 60 60 60 60 60 60 60 60 50; 39; 49.9961; 15.5892
70 70 70 70 70 70 70 70 70 70 70 70 70 70 70 50 50 50 50 50 50 50 50 50 50 50 50 50 60 60 60 60 60 60 60 60 60 60 60 60 60 60 60 60 60 60 60 60 60 60 60 60 60; 39; 49.9793; 14.3649
70 70 70 70 70 70 70 70 70 70 70 70 70 70 70 50 50 50 50 50 50 50 50 50 50 50 50 50 50 50 50 50 50 50 50 50 50 50 50 50 50 70 70 70 70 50; 39; 49.9961; 14.9292
30 30 30 30 30 30 30 30 30 30 30 30 30 30 30 30 30 80 80 80 80 80 80 80 80 80 80 80 80 80 80 80 80 80 80 80 80 80 80 80 80 80 80 80 80 80 80 80 70 40 40 40 40 40 40 40 40 40 40 40 40 40 40 40 40 40 40 40 40 40 40 40 40 40 40 40 40 40 40 40 40 40 40 40 40 40 40 40 40 30; 53; 49.9961; 12.1732
30 30 30 30 30 30 30 30 30 30 30 30 30 30 30 30 30 80 80 80 80 80 80 80 80 80 80 80 80 80 80 80 80 80 80 80 80 50 50 50 50 50 50 50 50 50 50 50 50 50 50 50 50 50 50 50 50 50 50 50 40 40 40 40 40 40 40 40 40 40 30; 61; 49.9961; 13.1877
80 80 80 80 80 80 80 80 80 80 50 50 50 50 50 50 50 50 50 50 50 50 50; 39; 49.9961; 17.4072
80 80 80 80 80 80 80 80 80 80 50 50 50 50 50 50 50 50 50 50 50 50 50 50 50 50 50 50 50 50 50 50 50 50 50 50; 39; 49.9961; 15.9708
80 80 80 80 80 70 80 80 80 80 80 80 80 80 80 80 80 70; 51; 49.9793; 17.3256
80 80 80 80 80 70 50 50 50 50 50 50 50 50 50 50 50 50 50 50 50 50 50 50 50 50 50 50 50 50 50 50 50 50 50 50 50 50 50; 61; 49.9793; 15.4851
80 80 80 80 80 70 80 80 80 80 80 80 80 80 80 80 80 80 80 80 80 80 80 80 80 80; 64; 49.9793; 16.0934
80 80 80 80 80 70 50 50 50 50 50 50 50 50 50 50 50 50 50 50 50 50 50 50 50 50 50 50 50; 61; 49.9961; 16.2909
80 80 80 80 80 80 80 80 80 80 50 50 50 50 50 50 50 50 50 50 50 50 50 60 60 60 60 60 60 60 60 50; 39; 49.9961; 16.0398
80 80 80 80 80 80 80 80 80 80 50 50 50 50 50 50 50 50 50 50 50 50 50 60 60 60 60 60 60 60 60 60 60 60 60 60 60 60 60 60 60 60 60 60 60 60 60 60; 39; 49.9961; 14.8045
80 80 80 80 80 70 80 80 80 80 80 80 80 80 80 80 80 70 60 60 60 60 60 60 60 60 50; 51; 49.9961; 16.1596
80 80 80 80 80 70 80 80 80 80 80 80 80 80 80 80 80 70 40 40 40 40 40 40 40 40 40 40 40 40 40 40 40 40 40 40 40 40 40 40 40 40 40 40 40 40 40 40 40 40 40 40 40 40 40 40 40 40 30; 53; 49.9961; 13.8401
80 80 80 80 80 70 50 50 50 50 50 50 50 50 50 50 50 50 50 50 50 50 50 50 50 50 50 50 50 40 40 40 40 40 40 40 40 40 40 30; 61; 49.9961; 15.4086
50 50 50 50 50 50 50 50 50 50 50 50 50; 19; 50.0129; 19.8046
50 50 50 50 50 50 50 50 50 50 50 50 50 50 50 50 50; 42; 49.9961; 18.6324
50 50 50 50 50 50 50 50 50 50 50 50 50 50 50 50 50 70 70 70 70 70 70 70 70 70 70 70 70 70 70 70 70 70 70 50; 42; 49.9961; 15.5633
50 50 50 50 50 50 50 50 50 50 50 50 50 70 70 70 70 70 70 70 70 70 70 70 70 70 70 70 30 30 30 30 30 30 30 30 30 30 30 30 30 30 30 30 30; 36; 49.9961; 15.2596
50 50 50 50 50 50 50 50 50 50 50 50 50 50 50 50 50 80 80 80 80 80 80 80 80 80 80 80 70 50 50 50 50 50 50 50 50 50 50 50 50 50 50 50 50 50 50 50 50 50 50 50; 61; 49.9961; 14.2946
60 60 60 60 60 60 60 60 50; 24; 50.0129; 20.2323
60 60 60 60 60 60 60 60 60 60 60 60 60 60 60 60 60 60 60 60 60 60 60 60 60; 33; 150.022; 17.9249
60 60 60 60 60 60 60 60 50 70 70 70 70; 24; 49.9961; 18.8458
50 50 50 50 50 50 50 50 50 50 50 50 50 50 50 50 50 40 40 40 40 40 40 40 40 40 40 40 40 40 40 40 40 40 40 40 40 40 40 40 40 40 40 40 40 40 40 40 40 40 40 40 40 40 40 40 40 30; 53; 49.9961; 14.3176
50 50 50 50 50 50 50 50 50 50 50 50 50 50 50 50 50 40 40 40 40 40 40 40 40 40 40 40 40 40 40 40 40 40 40 40 40 40 40 40 40 40 40 40 40 40 40 40 40 40 40 40 40 40 40 40 40 30 70 70 70 70 70 70 70 70 70 70 70 70 70 70 70 70 70 50; 53; 49.9961; 13.3096
60 60 60 60 60; 11; 50.0129; 21.2653
50 50 50 50 50 50 50 50 50 50 50 50 50 50 50 70 70 70 70 70 70 70 70 70 50; 34; 49.9961; 17.1056
50 50 50 50 50 50 50 50 50 50 50 50 50 50 50 70 70 70 70 70 80 80 80 80 80 80 80 80 80 80 80 80 80 80 80 80 80 80 80 80; 64; 49.9961; 15.0524
50 50 50 50 50 50 50 50 50 50 50 50 50 50 50 70 70 70 70 70 50 50 50 50 50 50 50 50 50 50 50 50 50 50 50 50 50 50 50 50 50 50 50; 61; 49.9961; 15.2212
70 70 70 70 50 70 70 70 70; 18; 50.0129; 19.7037
50 50 50 50 50 50 50 50 50 50 50 50 50 60 60 60 60 60 60 60 60 60 60 60 60 60 60 60 60 60 60 60 60 60 60 60 60 60; 33; 49.9961; 15.9332
70 70 70 70 50; 12; 49.9961; 21.0516
60 60 60 60 60 40 40 40 40 40 40 40 40 40 40 40 40 40 40 40 40 40 40 40 40 40 40 40 40 40 40 40 40 40 40 40 40 40 40 40 40 40 40 40 40 30; 53; 49.9961; 15.2693
60 60 60 60 60 40 40 40 40 40 40 40 40 40 40 40 40 40 40 40 40 40 40 40 40 40 40 40 40 40 40 40 40 40 40 40 40 40 40 40 40 40 40 40 40 30 70 70 70 70 70 70 70 70 70 70 70 70 70 70 70 70 70 50; 53; 49.9961; 14.0264
70 70 70 70 70 70 70 70 70 70 70 70 70 70 70 70 70 70 50; 34; 49.9961; 17.5884
80 80 80 80 80 80 80 80 80 80 80 70 80 80 80 80 80 80 80 80 80 80 80 80 80 80 80 80 80 80 80 80; 64; 49.9961; 15.4526
80 80 80 80 80 80 80 80 80 80 80 70 50 50 50 50 50 50 50 50 50 50 50 50 50 50 50 50 50 50 50 50 50 50 50; 61; 49.9961; 15.6896
50 50 50 50 50 50 50 50 50 50 50 50 50 50 50 50 50 60 60 60 60 60 60 60 60 50; 25; 49.9961; 17.2642
50 50 50 50 50 50 50 50 50 50 50 50 50 50 50 50 50 60 60 60 60 60 60 60 60 60 60 60 60 60 60 60 60 60 60 60 60 60 60 60 60 60; 33; 49.9961; 15.4372
60 60 60 60 60 60 60 60 50; 30; 50.0129; 20.4531
40 40 40 40 40 40 40 40 40 40 40 40 40 40 40 40 40 40 40 40 40 40 40 40 40 40 40 40 40 40 40 40 40 40 40 40 40 40 40 40 30; 53; 50.0129; 16.3202
40 40 40 40 40 40 40 40 40 40 40 40 40 40 40 40 40 40 40 40 40 40 40 40 40 40 40 40 40 40 40 40 40 40 40 40 40 40 40 40 30 70 70 70 70 70 70 70 70 70 70 70 70 70 70 70 70 70 50; 53; 49.9961; 14.4448
50 50 50 50 50 50 50 50 50 50 50 50 50 50 50 50 50 50 50 50 50 50 50 50 50 50 50 50 50 50 50 50 50 80 80 80 80 80 80 80 80 80 80 80 80 80 80 80 80 80 80 80 80; 69; 49.9961; 14.0819
50 50 50 50 50 50 50 50 50 50; 12; 49.9961; 20.3383
70 70 70 70 70 70 70 70 70 50 70 70 70 70 70 70 70 70 70 50 50 50 50 50 50 50 50 50 50 50 50 50 50 50 50 50 60 60 60 60 60 60 60 60 50; 25; 49.9793; 15.1698
70 70 70 70 70 70 70 70 70 50 70 70 70 70 70 70 70 70 70 50 50 50 50 50 50 50 50 50 50 50 50 50 50 50 50 50 60 60 60 60 60 60 60 60 60 60 60 60 60 60 60 60 60 60 60 60 60 60 60 60 60; 33; 49.9793; 14.4386
70 70 70 70 70 70 70 70 70 50 70 70 70 70 70 70 70 70 70 60 60 60 60 60 60 60 60 50; 30; 49.9961; 16.6814
80 80 80 80 80 80 70 70 70 70 70 70 70 70 70 70 70 70 70 70 70 70 70 70 50; 18; 50.0129; 17.2818
80 80 80 80 80 80 70; 7; 49.9961; 20.3525
80 80 80 80 80 80 80 80 80 80 80 80 80 80 80 80 80 80 80 80 50 50 50 50 50 50 50 50 50 50 50 50 50 50 50 50 50 50 50 50 50 50 50; 61; 49.9961; 14.7165
80 80 80 80 80 80 80 80 80 80 80 80 80 80 80 80 80 80 80 80 80 80 80 80 80 50 50 50 50 50 50 50 50 50 50 50 50 50 60 60 60 60 60 60 60 60 50; 52; 49.9961; 14.5461
80 80 80 80 80 80 80 80 80 80 80 80 80 80 80 80 80 80 80 80 80 80 80 80 80 50 50 50 50 50 50 50 50 50 50 50 50 50 60 60 60 60 60 60 60 60 60 60 60 60 60 60 60 60 60 60 60 60 60 60 60 60 60; 52; 49.9793; 13.7407
80 80 80 80 80 80 80 80 80 80 80 80 80 80 80 80 80 80 80 80 80 80 80 80 80 80 80 80 80 80 80 70 60 60 60 60 60 60 60 60 50; 52; 49.9961; 14.7054
80 80 80 80 80 80 80 80 80 80 80 80 80 80 80 80 80 80 80 80 80 80 80 80 80 80 80 80 80 80 80 70 40 40 40 40 40 40 40 40 40 40 40 40 40 40 40 40 40 40 40 40 40 40 40 40 40 40 40 40 40 40 40 40 40 40 40 40 40 40 40 40 30; 53; 49.9961; 13.1842
80 80 80 80 80 80 80 80 80 80 80 80 80 80 80 80 80 80 80 80 50 50 50 50 50 50 50 50 50 50 50 50 50 50 50 50 50 50 50 50 50 50 50 40 40 40 40 40 40 40 40 40 40 30; 61; 49.9961; 14.1989
50 50 50 50 50 50 50 50 50 50 50 50 50 50 50 50 50 50 50 50 50 50 50 80 80 80 80 80 80 80 80 80 80 80 70 60 60 60 60 60 60 60 60 50 70 70 70 70; 69; 49.9961; 14.5889
50 50 50 50 50 50 50 50 50 50 50 50 50 50 50 50 50 50 50 50 50 50 50 80 80 80 80 80 50 50 50 50 50 50 50 50 50 50 50 50 50 60 60 60 60 60 60 60 60 60 60 60 60 60 60 60 60 60 60 60 60 60 60 60 60 60; 69; 49.9961; 14.0807
50 50 50 50 50 50 50 50 50 50 50 50 50 50 50 50 50 50 50 50 50 50 50 80 80 80 80 80 80 80 80 80 80 80 70 60 60 60 60 60 60 60 60 50; 69; 49.9961; 15.287
40 40 40 40 40 40 40 40 40 40 30 70 70 70 70 70 70 70 70 70 70 70 70 70 70 70 70 70 50; 19; 49.9961; 17.0026
40 40 40 40 40 40 40 40 40 40 30; 19; 50.0129; 20.2382
60 60 60 60 60 60 60 60 60 60 60 60 60 60 60 60 60 60; 4; 50.0129; 19.0528
70 70 70 70; 6; 50.0129; 21.5033
60 60 60 60 60 60 60 60 50 50 50 50 50 50 50 50 50 50 50 50 50 50 50 50 50 50 40 40 40 40 40 40 40 40 40 40 40 40 40 40 40 40 40 40 40 40 40 40 40 40 40 40 40 40 40 40 40 40 40 40 40 40 40 40 40 40 30; 53; 49.9961; 13.7683
60 60 60 60 60 60 60 60 50 50 50 50 50 50 50 50 50 50 50 50 50 50 50 50 50 50 40 40 40 40 40 40 40 40 40 40 40 40 40 40 40 40 40 40 40 40 40 40 40 40 40 40 40 40 40 40 40 40 40 40 40 40 40 40 40 40 30 70 70 70 70 70 70 70 70 70 70 70 70 70 70 70 70 70 50; 53; 49.9961; 12.8476
60 60 60 60 60 60 60 60 60 60 60 60 60 60 60 60 60 60 70 70 70 70; 6; 49.9961; 17.8159
60 60 60 60 60 60 60 60 60 60 60 60 60 60 60 60 60 60 60 60 60 60 60 60 60 50 50 50 50 50 50 50 50 50 50 50 50 50 50 50 50 50 40 40 40 40 40 40 40 40 40 40 40 40 40 40 40 40 40 40 40 40 40 40 40 40 40 40 40 40 40 40 40 40 40 40 40 40 40 40 40 40 30; 53; 49.9793; 12.7774
60 60 60 60 60 60 60 60 60 60 60 60 60 60 60 60 60 60 60 60 60 60 60 60 60 50 50 50 50 50 50 50 50 50 50 50 50 50 50 50 50 50 40 40 40 40 40 40 40 40 40 40 40 40 40 40 40 40 40 40 40 40 40 40 40 40 40 40 40 40 40 40 40 40 40 40 40 40 40 40 40 40 30 70 70 70 70 70 70 70 70 70 70 70 70 70 70 70 70 70 50; 53; 49.9961; 12.1698
60 60 60 60 60 60 60 60 50 40 40 40 40 40 40 40 40 40 40 40 40 40 40 40 40 40 40 40 40 40 40 40 40 40 40 40 40 40 40 40 40 40 40 40 40 40 40 40 40 30; 53; 49.9961; 14.9993
60 60 60 60 60 60 60 60 50 40 40 40 40 40 40 40 40 40 40 40 40 40 40 40 40 40 40 40 40 40 40 40 40 40 40 40 40 40 40 40 40 40 40 40 40 40 40 40 40 30 70 70 70 70 70 70 70 70 70 70 70 70 70 70 70 70 70 50; 53; 49.9961; 13.7958
70 70 70 70 70 70 70 70 70 70 70 70 70 70 70 70 70 50; 21; 49.9961; 18.5087
60 60 60 60 60; 12; 50.0129; 21.3775
70 70 60; 13; 50.0129; 21.7756
50 50 50 50 50 50 50 50 50 50 50 50 50 50 50; 21; 50.0129; 19.2637
70 70 70 70 70; 26; 50.0129; 21.0736
70 70 70 70 70; 9; 50.0129; 21.2372
60 60 60 60 60 70 70 70 70 70 70 70 70 70 70 70 70 70 70 70; 41; 49.9961; 17.674
70 70 70 70 70 80 80 80 80 80 70; 26; 49.9961; 18.9933
50 50 50 50 50 50 50 50 50 50 50 50 50 50 50 80 80 60; 21; 49.9961; 18.196
50 50 50 50 50 50 50 50 50 50 50 50 50 50 50 70 70 70 70 70 70 70 70 70; 21; 49.9961; 17.2931
70 70 70 70 70 80 80 80 80 80 80 80 80 80 80 80 70; 44; 49.9961; 17.6169
70 70 70 70 70 80 80 80 80 60 70 70 70 70 70 70 70 70 70 50; 49; 49.9961; 17.3466
70 70 70 70 70 80 80 80 80 80 80 80 80 80 80 80 80 80 80 80 80 80 80 80 80; 45; 49.9961; 16.562
70 70 70 70 70 50 50 50 50 50 50 50 50 50 50 50 50 50 50 50 50 50 50 50 50 50 50 50; 49; 49.9961; 16.6072
50 50 50 50 50 50 50 50 50 50 50 50 50 50 50 80 80 60 60 60 60 60 60 60 60 60 50; 26; 49.9961; 16.72
50 50 50 50 50 50 50 50 50 50 50 50 50 50 50 80 80 60 60 60 60 60 60 60 60 60 60 60 60 60 60 60 60 60 60 60 60 60 60 60 60 60 60; 34; 49.9961; 15.1149
70 70 70 70 70 80 80 80 80 80 80 80 80 80 80 80 70 60 60 60 60 60 60 60 60 50; 44; 49.9961; 16.4037
70 70 70 70 70 80 80 80 80 80 80 80 80 80 80 80 70 40 40 40 40 40 40 40 40 40 40 40 40 40 40 40 40 40 40 40 40 40 40 40 40 40 40 40 40 40 40 40 40 40 40 40 40 40 40 40 40 30; 48; 49.9961; 13.9712
70 70 70 70 70 70 70 70 70 70 70 70 70 70 70 70 70 70 70 50 80 80 80 80 80 80 70; 49; 49.9961; 16.1514
60 60 60 60 60 70 70 60; 15; 49.9961; 19.8031
60 60 60 60 60 60 60 60 45; 6; 50.0129; 20.4092
80 80 80 80 80; 30; 50.0129; 20.9275
60 60 60 60 60 70 70 70 70 70; 15; 49.9961; 19.5251
70 70 70 70 70 70 70 70 70 70 70 70 70 70 70; 41; 50.0129; 18.7469
80 80 80 80 80 80 80 80 80 80; 13; 50.0129; 19.7644
50 50 50 50 50 50 50 50 50 50 50 50 50; 43; 50.0129; 19.5441
60 60 60 60 60 60 60 60 45 70 70 70 70 70 70 70 70 70; 10; 49.9961; 18.1256
80 80 80 80 80 80 80 80 80 80 80 80 80 80 80 80 70; 44; 49.9961; 17.6679
60 60 60 60 60 70 70 60 70 70 70 70 70 70 70 70 70 50; 49; 49.9961; 17.4908
70 70 70 70 70 70 70 70 70 70 70 70 70 70 70 30 30 30 30 30 30 30 30 30 30 30 30 30 30 30 30 30; 41; 49.9961; 16.525
80 80 80 80 80 50 50 50 50 50 50 50 50 50 50 50 50 50 50 50 50 50 50 50 50 50 50 50; 49; 49.9961; 16.7227
50 50 50 50 50 50 50 50 50 50 50 50 50 60 60 60 60 60 60 60 60 50; 43; 49.9961; 17.6789
50 50 50 50 50 50 50 50 50 50 50 50 50 60 60 60 60 60 60 60 60 60 60 60 60 60 60 60 60 60 60 60 60 60 60 60 60 60; 43; 49.9961; 15.9776
80 80 80 80 80 80 80 80 80 80 80 80 80 80 80 80 70 60 60 60 60 60 60 60 60 50; 44; 49.9961; 16.4607
80 80 80 80 80 80 80 80 80 80 80 80 80 80 80 80 70 40 40 40 40 40 40 40 40 40 40 40 40 40 40 40 40 40 40 40 40 40 40 40 40 40 40 40 40 40 40 40 40 40 40 40 40 40 40 40 40 30; 48; 49.9961; 14.0288
80 80 80 80 80 50 50 50 50 50 50 50 50 50 50 50 50 50 50 50 50 50 50 50 50 50 50 50 40 40 40 40 40 40 40 40 40 40 30; 49; 49.9961; 15.5803
70 70 60 50 50 50 50 50 50 50 50 50 50 50 50 50 50 50; 21; 49.9961; 18.023
70 70 70 70 70; 28; 50.0129; 21.1493
80 80 80 80 60; 15; 200.018; 21.1945
70 70 60 60 60 60 60 60 70 70 70 70 70 70 70 70 70 70 70 70 70 70 70; 41; 49.9961; 16.7548
70 70 70 70 70 80 80 80 80 80 70; 28; 49.9961; 19.1073
50 50 50 50 50 50 50 50 50 50 50 50 50 50 50 50 50 50 50 50 50 50 50 50 50 50 50 50; 17; 50.0129; 17.5543
70 70 70 70 70 70 70 70 70 60 60 60 60 60; 17; 50.0129; 18.889
70 70 70 70 70 70 70 70 70; 17; 49.9961; 19.9786
70 70 70 70 70 70 70 70 70 50; 49; 50.0129; 19.7324
70 70 70 70 70 70 70 70 70 80 80 80 80 80 80 80 80 80 80 80 70 80 80 80 80 80 80 80 80 80 80 80 80 80 80 80 80 80 80 80 80; 45; 49.9961; 14.8901
70 70 70 70 70 50 50 50 50 50 50 50 50 50 50 50 50 50 50 50 50 50 50 50 50 50 50 50; 49; 49.9961; 16.6851
50 50 50 50 50 50 50 50 50 50 50 50 50 50 50 70 70 70 70 50 70 70 70 70; 22; 49.9961; 17.2925
50 50 50 50 50 50 50 50 50 50 50 50 50 50 50 50 50 50 50 50 50 50 50 50 50 50 50 50 60 60 60 60 60 60 60 60 60 60 60 60 60 60 60 60 60 60 60 60 60 60 60 60 60; 34; 49.9961; 14.9873
50 50 50 50 50 50 50 50 50 50 50 50 50 50 50 70 70 70 70 50; 22; 49.9961; 18.137
70 70 70 70 70 70 70 70 70 40 40 40 40 40 40 40 40 40 40 40 40 40 40 40 40 40 40 40 40 40 40 40 40 40 40 40 40 40 40 40 40 40 40 40 40 40 40 40 40 30; 48; 49.9961; 15.0636
70 70 70 70 70 70 70 70 70 50 80 80 80 80 80 80 70; 49; 49.9961; 17.8748
50 50 50 50 50 50 50 50 50 50 50 50 50 50 50 70 70 70 70 70; 26; 49.9961; 18.051
80 80 80 80 50; 9; 50.0129; 21.112
60 60 60 60 60 60 60 60 45 70 70 70 70 70 70 70 70 70 70 70 70 70 70 70; 41; 49.9961; 16.9252
60 60 60 60 60 60 60 60 45 80 80 80 80 80 80 80 80 80 80; 15; 49.9961; 17.7278
80 80 60; 18; 50.0129; 21.6547
70 70 70 70 70 70 70 70 70; 10; 50.0129; 20.1657
70 70 70 70 70 70 70 70 70 60 60 60 60 60; 11; 49.9961; 18.7372
50 50 50 50 50 50 50 50 50 50 50 50 50 50 50 70 70 60 70 70 70 70 70 70 70 70 70 50; 49; 49.9961; 16.7902
60 60 60 60 60 60 60 60 45 70 70 70 70 70 70 70 70 70 70 70 70 70 70 70 30 30 30 30 30 30 30 30 30 30 30 30 30 30 30 30 30; 41; 49.9961; 15.4834
50 50 50 50 50 50 50 50 50 50 50 50 50 50 50 70 70 70 70 70 50 50 50 50 50 50 50 50 50 50 50 50 50 50 50 50 50 50 50 50 50 50 50; 49; 49.9961; 15.2232
80 80 60 60 60 60 60 60 60 60 60 50; 26; 49.9961; 18.9391
80 80 60 60 60 60 60 60 60 60 60 60 60 60 60 60 60 60 60 60 60 60 60 60 60 60 60 60; 34; 49.9961; 16.5528
70 70 70 70 70 70 70 70 70 70 70 70 70 50; 22; 49.9961; 18.5213
70 70 70 70 70 70 70 70 70 60 60 60 60 60 40 40 40 40 40 40 40 40 40 40 40 40 40 40 40 40 40 40 40 40 40 40 40 40 40 40 40 40 40 40 40 40 40 40 40 40 40 40 40 40 30; 48; 49.9961; 14.5422
50 50 50 50 50 50 50 50 50 50 50 50 50 50 50 70 70 70 70 70 50 50 50 50 50 50 50 50 50 50 50 50 50 50 50 50 50 50 50 50 50 50 50 40 40 40 40 40 40 40 40 40 40 30; 49; 49.9961; 14.5509
70 70 70 70 70 70 70 70 70 70; 21; 49.9961; 19.3767
80 80 80 80 80 70 70 70 70 70 70 70 70 70 70 70 70 70 70 70; 41; 49.9961; 17.2228
80 80 80 80 80 70; 23; 50.0129; 20.7298
80 80 80 80 80 80 80 80 80 80 80 70 50 50 50 50 50 50 50 50 50 50 50 50 50 50 50 50 50; 44; 50.0129; 16.8005
70 70 70 70 70 80 80 80 80 60 70 70 70 70 70 60; 15; 49.9961; 18.1086
80 80 80 80 80 80 80 80 80 80 80 70; 44; 49.9961; 18.6641
50 50 50 50 50 50 50 50 50 50 50 50 50 50 50 50 50 50 50 50 50 50 50 50 50 50 50 50 50 50 50 50 50; 49; 50.0129; 16.7372
80 80 80 80 80 70 70 70 70 70 70 70 70 70 70 70 70 70 70 70 30 30 30 30 30 30 30 30 30 30 30 30 30 30 30 30 30; 41; 49.9793; 15.6859
50 50 50 50 50 50 50 50 50 50 50 50 50 50 50 50 50 50 50 50 50 50 50; 49; 49.9961; 17.4443
80 80 80 80 80 80 80 80 80 80 80 70 50 50 50 50 50 50 50 50 50 50 50 50 50 50 50 50 50 60 60 60 60 60 60 60 60 50; 44; 49.9961; 15.3134
80 80 80 80 80 80 80 80 80 80 80 70 50 50 50 50 50 50 50 50 50 50 50 50 50 50 50 50 50 60 60 60 60 60 60 60 60 60 60 60 60 60 60 60 60 60 60 60 60 60 60 60 60 60; 44; 49.9961; 14.1501
80 80 80 80 80 80 80 80 80 80 80 70 60 60 60 60 60 60 60 60 50; 44; 49.9793; 17.2624
80 80 80 80 80 80 80 80 80 80 80 70 40 40 40 40 40 40 40 40 40 40 40 40 40 40 40 40 40 40 40 40 40 40 40 40 40 40 40 40 40 40 40 40 40 40 40 40 40 40 40 40 30; 48; 49.9961; 14.4164
50 50 50 50 50 50 50 50 50 50 50 50 50 50 50 50 50 50 50 50 50 50 50 40 40 40 40 40 40 40 40 40 40 30; 49; 49.9961; 16.2162
70 70 70 70 70 60 60 60 60 60 70 70 70 70 70 70 70 70 70 70 70 70 70 70 70; 41; 49.9793; 16.6404
70 70 70 70 70 70 70 70 70 70 80 80 80 80 80 70; 26; 49.9961; 17.865
80 80 80 80 50 80 80 60; 18; 49.9961; 19.5887
70 70 70 70 70 60; 7; 49.9961; 20.817
70 70 70 70 70 60 60 60 60 60 60; 11; 49.9961; 19.2885
80 80 80 80 60 70 70 70 70 70 70 70 70 70 50; 49; 49.9961; 18.1628
70 70 70 70 70 70 70 70 70 70 80 80 80 80 80 80 80 80 80 80 80 80 80 80 80 80 80 80 80 80; 45; 49.9961; 15.6685
70 70 70 70 70 70 70 70 70 70 50 50 50 50 50 50 50 50 50 50 50 50 50 50 50 50 50 50 50 50 50 50 50; 49; 49.9961; 15.9091
80 80 80 80 50 80 80 60 60 60 60 60 60 60 60 60 50; 26; 49.9961; 17.7142
80 80 80 80 50 80 80 60 60 60 60 60 60 60 60 60 60 60 60 60 60 60 60 60 60 60 60 60 60 60 60 60 60; 34; 49.9793; 15.8708
70 70 70 70 70 60 70 70 70 70 50; 22; 49.9961; 19.1879
70 70 70 70 70 60 60 60 60 60 60 40 40 40 40 40 40 40 40 40 40 40 40 40 40 40 40 40 40 40 40 40 40 40 40 40 40 40 40 40 40 40 40 40 40 40 40 40 40 40 40 30; 48; 49.9961; 14.8057
80 80 80 80 60 70 70 70 70 70 70 70 70 70 50 80 80 80 80 80 80 70; 49; 49.9961; 16.9154
70 70 70 70 70 70 70 70 70 70 70 70 70 70 70 80 80 80 80 80 80 80 80 80 80; 37; 49.9961; 16.6737
70 70 70 70 70 70 70 70 70 70 70 70 70 70 70 50 50 50 50 50 50 50 50 50 50 50 50 50; 43; 49.9961; 16.4211
70 70 70 70 70 70 70 70 70 70 70 70 70 70 70 50 50 50 50 50 50 50 50 50 50 50 50 50 50 50 50 50 50 50 50 50 50 50 50 50 50; 43; 49.9961; 15.265
30 30 30 30 30 30 30 30 30 30 30 30 30 30 30 30 30 80 80 80 80 80 80 80 80 80 80 80 80 80 80 80 80 80 80 80 80 80 80 80 80 80 80 80 80 80 80 80 70; 44; 49.9793; 14.3488
70 70 70 70 70 70 70 70 70 70 70 70 70 70 70 60 60 60 60 60 70 70 60 70 70 70 70 70 70 70 70 70 50; 49; 49.9793; 15.5058
30 30 30 30 30 30 30 30 30 30 30 30 30 30 30 30 30; 29; 49.9961; 19.1828
70 70 70 70 70 70 70 70 70 70 70 70 70 70 70 80 80 80 80 80 50 50 50 50 50 50 50 50 50 50 50 50 50 50 50 50 50 50 50 50 50 50 50; 49; 49.9961; 14.8415
70 70 70 70 70 70 70 70 70 70 70 70 70 70 70 50 50 50 50 50 50 50 50 50 50 50 50 50 60 60 60 60 60 60 60 60 50; 43; 49.9961; 15.6216
70 70 70 70 70 70 70 70 70 70 70 70 70 70 70 50 50 50 50 50 50 50 50 50 50 50 50 50 60 60 60 60 60 60 60 60 60 60 60 60 60 60 60 60 60 60 60 60 60 60 60 60 60; 43; 49.9961; 14.4793
70 70 70 70 70 70 70 70 70 70 70 70 70 70 70 50 50 50 50 50 50 50 50 50 50 50 50 50 50 50 50 50 50 50 50 50 50 50 50 50 50 70 70 70 70 50; 43; 49.9793; 14.8429
30 30 30 30 30 30 30 30 30 30 30 30 30 30 30 30 30 80 80 80 80 80 80 80 80 80 80 80 80 80 80 80 80 80 80 80 80 80 80 80 80 80 80 80 80 80 80 80 70 40 40 40 40 40 40 40 40 40 40 40 40 40 40 40 40 40 40 40 40 40 40 40 40 40 40 40 40 40 40 40 40 40 40 40 40 40 40 40 40 30; 48; 49.9961; 12.2719
70 70 70 70 70 70 70 70 70 70 70 70 70 70 70 80 80 80 80 80 50 50 50 50 50 50 50 50 50 50 50 50 50 50 50 50 50 50 50 50 50 50 50 40 40 40 40 40 40 40 40 40 40 30; 49; 49.9961; 14.2417
80 80 80 80 80 80 80 80 80 80 50 50 50 50 50 50 50 50 50 50 50 50 50; 43; 49.9961; 17.3273
80 80 80 80 80 80 80 80 80 80 50 50 50 50 50 50 50 50 50 50 50 50 50 50 50 50 50 50 50 50 50 50 50 50 50 50; 43; 49.9961; 15.9015
80 80 80 80 80 70 80 80 80 80 80 80 80 80 80 80 80 70; 44; 49.9961; 17.3287
80 80 80 80 80 70 70 70 70 70 70 70 70 70 70 70 70 70 70 70 50; 49; 49.9961; 17.1656
80 80 80 80 80 70 80 80 80 80 80 80 80 80 80 80 80 80 80 80 80 80 80 80 80 80; 45; 49.9961; 16.3887
80 80 80 80 80 70 50 50 50 50 50 50 50 50 50 50 50 50 50 50 50 50 50 50 50 50 50 50 50; 49; 49.9961; 16.509
80 80 80 80 80 80 80 80 80 80 50 50 50 50 50 50 50 50 50 50 50 50 50 60 60 60 60 60 60 60 60 50; 43; 49.9961; 16.0956
80 80 80 80 80 80 80 80 80 80 50 50 50 50 50 50 50 50 50 50 50 50 50 60 60 60 60 60 60 60 60 60 60 60 60 60 60 60 60 60 60 60 60 60 60 60 60 60; 43; 49.9961; 14.846
80 80 80 80 80 80 80 80 80 80 80 80 80 80 80 80 80 80 80 80 80 80 80 80 80 80 70 60 60 60 60 60 60 60 60 50; 44; 49.9961; 15.2795
80 80 80 80 80 70 80 80 80 80 80 80 80 80 80 80 80 70 40 40 40 40 40 40 40 40 40 40 40 40 40 40 40 40 40 40 40 40 40 40 40 40 40 40 40 40 40 40 40 40 40 40 40 40 40 40 40 40 30; 48; 49.9961; 14.0646
80 80 80 80 80 70 50 50 50 50 50 50 50 50 50 50 50 50 50 50 50 50 50 50 50 50 50 50 50 40 40 40 40 40 40 40 40 40 40 30; 49; 49.9961; 15.4761
50 50 50 50 50 50 50 50 50 50 50 50 50; 21; 50.0129; 19.7425
50 50 50 50 50 50 50 50 50 50 50 50 50 50 50 50 50; 41; 49.9961; 18.587
50 50 50 50 50 50 50 50 50 50 50 50 50 50 50 50 50 70 70 70 70 70 70 70 70 70 70 70 70 70 70 70 70 70 70 50; 49; 49.9961; 15.5632
50 50 50 50 50 50 50 50 50 50 50 50 50 70 70 70 70 70 70 70 70 70 70 70 70 70 70 70 30 30 30 30 30 30 30 30 30 30 30 30 30 30 30 30 30; 41; 49.9961; 15.1674
50 50 50 50 50 50 50 50 50 50 50 50 50 50 50 50 50 70 70 70 70 70 70 70 70 70 70 70 70 70 70 70 70 70 70 50 50 50 50 50 50 50 50 50 50 50; 49; 49.9961; 14.8426
60 60 60 60 60 60 60 60 50; 26; 50.0129; 20.2736
60 60 60 60 60 60 60 60 60 60 60 60 60 60 60 60 60 60 60 60 60 60 60 60 60; 34; 150.022; 17.9155
50 50 50 50 50 50 50 50 50 50 50 50 50 70 70 70 70 50; 22; 49.9961; 18.3931
50 50 50 50 50 50 50 50 50 50 50 50 50 50 50 50 50 40 40 40 40 40 40 40 40 40 40 40 40 40 40 40 40 40 40 40 40 40 40 40 40 40 40 40 40 40 40 40 40 40 40 40 40 40 40 40 40 30; 48; 49.9961; 14.3534
50 50 50 50 50 50 50 50 50 50 50 50 50 50 50 50 50 40 40 40 40 40 40 40 40 40 40 40 40 40 40 40 40 40 40 40 40 40 40 40 40 40 40 40 40 40 40 40 40 40 40 40 40 40 40 40 40 30 70 70 70 70 70 70 70 70 70 70 70 70 70 70 70 70 70 50; 48; 49.9961; 13.332
60 60 60 60 60; 11; 50.0129; 21.3056
70 70 70 70 70 60 80 80 80 80 60 70 70 70 70 70 70 70 70 70 50; 49; 49.9793; 17.2299
50 50 50 50 50 50 50 50 50 50 50 50 50 50 50 70 70 70 70 70 80 80 80 80 80 80 80 80 80 80 80 80 80 80 80 80 80 80 80 80; 45; 49.9961; 14.9843
50 50 50 50 50 50 50 50 50 50 50 50 50 50 50 70 70 70 70 70 70 70 70 70 50 50 50 50 50 50 50 50 50 50 50; 49; 49.9793; 16.059
70 70 70 70 50 70 70 70 70; 22; 50.0129; 19.6769
50 50 50 50 50 50 50 50 50 50 50 50 50 60 60 60 60 60 60 60 60 60 60 60 60 60 60 60 60 60 60 60 60 60 60 60 60 60; 34; 49.9961; 15.95
70 70 70 70 50; 22; 49.9961; 21.0198
60 60 60 60 60 40 40 40 40 40 40 40 40 40 40 40 40 40 40 40 40 40 40 40 40 40 40 40 40 40 40 40 40 40 40 40 40 40 40 40 40 40 40 40 40 30; 48; 49.9961; 15.4098
60 60 60 60 60 40 40 40 40 40 40 40 40 40 40 40 40 40 40 40 40 40 40 40 40 40 40 40 40 40 40 40 40 40 40 40 40 40 40 40 40 40 40 40 40 30 70 70 70 70 70 70 70 70 70 70 70 70 70 70 70 70 70 50; 48; 49.9961; 14.0384
70 70 70 70 70 70 70 70 70 70 70 70 70 70 70 70 70 70 50; 49; 49.9961; 17.6147
80 80 80 80 80 80 80 80 80 80 80 70 80 80 80 80 80 80 80 80 80 80 80 80 80 80 80 80 80 80 80 80; 45; 49.9961; 15.5266
80 80 80 80 80 80 80 80 80 80 80 70 50 50 50 50 50 50 50 50 50 50 50 50 50 50 50 50 50 50 50 50 50 50 50; 49; 49.9961; 15.8553
50 50 50 50 50 50 50 50 50 50 50 50 50 50 50 50 50 60 60 60 60 60 60 60 60 50; 33; 49.9961; 17.0585
50 50 50 50 50 50 50 50 50 50 50 50 50 50 50 50 50 60 60 60 60 60 60 60 60 60 60 60 60 60 60 60 60 60 60 60 60 60 60 60 60 60; 34; 49.9793; 15.7192
60 60 60 60 60 60 60 60 50; 23; 50.0129; 20.4701
40 40 40 40 40 40 40 40 40 40 40 40 40 40 40 40 40 40 40 40 40 40 40 40 40 40 40 40 40 40 40 40 40 40 40 40 40 40 40 40 30; 48; 50.0129; 16.3469
40 40 40 40 40 40 40 40 40 40 40 40 40 40 40 40 40 40 40 40 40 40 40 40 40 40 40 40 40 40 40 40 40 40 40 40 40 40 40 40 30 70 70 70 70 70 70 70 70 70 70 70 70 70 70 70 70 70 50; 48; 49.9961; 14.4723
50 50 50 50 50 50 50 50 50 50 50 50 50 50 50 50 50 50 50 50 50 50 50 50 50 50 50 50 50 50 50 50 50 80 80 80 80 80 80 80 80 80 80 80 80 80 80 80 80 80 80 80 80; 50; 49.9961; 14.1552
50 50 50 50 50 50 50 50 50 50; 17; 50.0129; 20.3234
70 70 70 70 70 70 70 70 70 50 70 70 70 70 70 70 70 70 70 50 50 50 50 50 50 50 50 50 50 50 50 50 50 50 50 50 60 60 60 60 60 60 60 60 50; 49; 49.9961; 14.9579
70 70 70 70 70 70 70 70 70 50 70 70 70 70 70 70 70 70 70 50 50 50 50 50 50 50 50 50 50 50 50 50 50 50 50 50 60 60 60 60 60 60 60 60 60 60 60 60 60 60 60 60 60 60 60 60 60 60 60 60 60; 49; 49.9961; 13.9472
70 70 70 70 70 70 70 70 70 50 70 70 70 70 70 70 70 70 70 60 60 60 60 60 60 60 60 50; 49; 49.9961; 16.39
80 80 80 80 80 80 70 70 70 70 70 70 70 70 70 70 70 70 70 70 70 70 70 70 50; 19; 49.9961; 17.0515
80 80 80 80 80 80 70; 13; 50.0129; 20.4669
80 80 80 80 80 80 80 80 80 80 80 80 80 80 80 80 80 80 80 80 50 50 50 50 50 50 50 50 50 50 50 50 50 50 50 50 50 50 50 50 50 50 50; 49; 49.9961; 14.7757
30 30 30 30 30 30 30 30 30 30 30 30 30 30 30 30 30 70 70 70 70 70 70 70 70 70 70 70 70 70 70 70 50 50 50 50 50 50 50 50 50 50 50 50 50 60 60 60 60 60 60 60 60 50; 43; 49.9961; 14.7057
80 80 80 80 80 80 80 80 80 80 80 80 80 80 80 80 80 80 80 80 80 80 80 80 80 50 50 50 50 50 50 50 50 50 50 50 50 50 60 60 60 60 60 60 60 60 60 60 60 60 60 60 60 60 60 60 60 60 60 60 60 60 60; 43; 49.9961; 13.4131
80 80 80 80 80 80 80 80 80 80 80 80 80 80 80 80 80 80 80 80 80 80 80 80 80 80 80 80 80 80 80 70 60 60 60 60 60 60 60 60 50; 44; 49.9961; 14.7443
80 80 80 80 80 80 80 80 80 80 80 80 80 80 80 80 80 80 80 80 80 80 80 80 80 80 80 80 80 80 80 70 40 40 40 40 40 40 40 40 40 40 40 40 40 40 40 40 40 40 40 40 40 40 40 40 40 40 40 40 40 40 40 40 40 40 40 40 40 40 40 40 30; 48; 49.9961; 13.2202
80 80 80 80 80 80 80 80 80 80 80 80 80 80 80 80 80 80 80 80 50 50 50 50 50 50 50 50 50 50 50 50 50 50 50 50 50 50 50 50 50 50 50 40 40 40 40 40 40 40 40 40 40 30; 49; 49.9961; 14.3128
50 50 50 50 50 50 50 50 50 50 50 50 50 50 50 50 50 50 50 50 50 50 50 80 80 80 80 80 50 50 50 50 50 50 50 50 50 50 50 50 50 60 60 60 60 60 60 60 60 50; 50; 49.9961; 14.498
50 50 50 50 50 50 50 50 50 50 50 50 50 50 50 50 50 50 50 50 50 50 50 80 80 80 80 80 50 50 50 50 50 50 50 50 50 50 50 50 50 60 60 60 60 60 60 60 60 60 60 60 60 60 60 60 60 60 60 60 60 60 60 60 60 60; 50; 49.9961; 13.5802
50 50 50 50 50 50 50 50 50 50 50 50 50 50 50 50 50 50 50 50 50 50 50 80 80 80 80 80 80 80 80 80 80 80 70 60 60 60 60 60 60 60 60 50; 50; 49.9961; 14.8922
40 40 40 40 40 40 40 40 40 40 30 70 70 70 70 70 70 70 70 70 70 70 70 70 70 70 70 70 50; 24; 49.9961; 16.903
40 40 40 40 40 40 40 40 40 40 30; 24; 49.9961; 20.0318
60 60 60 60 60 60 60 60 60 60 60 60 60 60 60 60 60 60; 4; 50.0129; 19.0371
70 70 70 70; 6; 50.0129; 21.5276
60 60 60 60 60 60 60 60 50 50 50 50 50 50 50 50 50 50 50 50 50 50 50 50 50 50 40 40 40 40 40 40 40 40 40 40 40 40 40 40 40 40 40 40 40 40 40 40 40 40 40 40 40 40 40 40 40 40 40 40 40 40 40 40 40 40 30; 48; 49.9961; 13.9193
60 60 60 60 60 60 60 60 50 50 50 50 50 50 50 50 50 50 50 50 50 50 50 50 50 50 40 40 40 40 40 40 40 40 40 40 40 40 40 40 40 40 40 40 40 40 40 40 40 40 40 40 40 40 40 40 40 40 40 40 40 40 40 40 40 40 30 70 70 70 70 70 70 70 70 70 70 70 70 70 70 70 70 70 50; 48; 49.9961; 13.0783
60 60 60 60 60 60 60 60 60 60 60 60 60 60 60 60 60 60 60 60 60 60 60 60 60 50 50 50 50 50 50 50 50 50 50 50 50 50 70 70 70 70 50; 42; 49.9961; 15.3352
60 60 60 60 60 60 60 60 60 60 60 60 60 60 60 60 60 60 60 60 60 60 60 60 60 50 50 50 50 50 50 50 50 50 50 50 50 50 50 50 50 50 40 40 40 40 40 40 40 40 40 40 40 40 40 40 40 40 40 40 40 40 40 40 40 40 40 40 40 40 40 40 40 40 40 40 40 40 40 40 40 40 30; 48; 49.9961; 13.1533
60 60 60 60 60 60 60 60 60 60 60 60 60 60 60 60 60 60 60 60 60 60 60 60 60 50 50 50 50 50 50 50 50 50 50 50 50 50 50 50 50 50 40 40 40 40 40 40 40 40 40 40 40 40 40 40 40 40 40 40 40 40 40 40 40 40 40 40 40 40 40 40 40 40 40 40 40 40 40 40 40 40 30 70 70 70 70 70 70 70 70 70 70 70 70 70 70 70 70 70 50; 48; 49.9961; 12.5392
60 60 60 60 60 60 60 60 50 40 40 40 40 40 40 40 40 40 40 40 40 40 40 40 40 40 40 40 40 40 40 40 40 40 40 40 40 40 40 40 40 40 40 40 40 40 40 40 40 30; 48; 49.9961; 15.1146
70 70 70 70 50 50 50 50 50 50 50 50 50 50 50 50 50 50 50 50 70 70 70 70 70 70 70 70 70 50 80 80 80 80 80 80 70; 49; 49.9961; 15.5206
70 70 70 70 70 70 70 70 70 70 70 70 70 70 70 70 70 50; 20; 49.9961; 18.3562
80 64; 6; 50.0129; 22.1447
70 70 70 68 37; 32; 50.0129; 20.5319
70 70 70 68; 32; 49.9961; 21.2428
70 70 70 68 50 38 41; 32; 49.9961; 19.4888
70 70 70 68 50 38; 32; 49.9961; 20.114
80 64 60 54; 6; 50.0129; 20.9736
70 70 70 68 70 70 68; 42; 49.9961; 19.7527
70 70 70 68 70 70 68 60 60 60 60 58; 42; 49.9961; 18.5811
70 70 70 68 70 70 68 70 70 70 48; 42; 49.9961; 18.4903
70 70 70 68 50 38 70 70 42; 48; 49.9961; 18.9302
70 70 70 68 50 38 70 70 42 50 35; 48; 49.9961; 18.2462
70 70 70 68 50 38 70 70 42 50 35 64; 48; 49.9961; 17.8007
70 70 70 68 70 70 68 70 70 70 48 70 70 70 65 70 70 47; 42; 49.9961; 16.8247
70 70 70 68 70 70 68 70 70 70 48 70 70 70 65 60 60 59 80 63; 42; 49.9793; 16.4152
70 70 70 68 70 70 68 70 70 70 48 70 70 70 65 60 60 59; 42; 49.9793; 16.8372
70 70 70 68 70 70 68 70 70 70 48 70 70 70 65; 42; 49.9961; 17.4869
80 64 70 70 70 68 37; 32; 49.9961; 19.4902
80 64 70 70 70 68; 32; 49.9961; 20.0893
80 64 70 70 70 68 50 38 41; 32; 49.9793; 18.7157
80 64 70 70 70 68 50 38; 32; 49.9961; 19.3175
60 54; 1; 50.0129; 22.2418
60 60; 14; 50.0129; 22.1305
60 60 60 60 60 60 58; 14; 49.9961; 20.2803
60 60 70 70 70 48; 34; 49.9961; 20.175
60 60 80 80 80 76; 35; 49.9961; 20.0096
60 60 80 80 80 76 50 35; 37; 49.9961; 19.1594
60 60 80 80 80 76 50 35 64; 37; 49.9961; 18.6012
60 60 80 80 80 76 80 80 64 70 70 47; 44; 49.9961; 18.0011
60 60 80 80 80 76 80 80 64 60 60 59 80 63; 44; 49.9961; 17.4384
60 60 80 80 80 76 80 80 64 60 60 59; 44; 49.9961; 17.9663
60 60 80 80 80 76 80 80 64; 44; 49.9961; 18.8185
37; 29; 49.9961; 22.4785
36; 1; 750.009; 22.5714
37 50 38; 32; 49.9961; 21.0705
37 70 70 68 80 77; 42; 49.9961; 19.66
37 70 70 68; 42; 49.9961; 20.624
37 70 70 68 60 60 60 60 58; 42; 49.9961; 19.3053
37 70 70 68 70 70 70 48; 42; 49.9961; 19.1336
37 70 70 68 80 80 80 76; 42; 49.9961; 19.0151
37 70 70 68 80 80 80 76 50 35; 42; 49.9961; 18.3987
37 70 70 68 80 80 80 76 50 35 64; 42; 49.9961; 17.9373
37 70 70 68 70 70 70 48 70 70 70 65 70 70 47; 42; 49.9793; 17.3562
37 70 70 68 70 70 70 48 70 70 70 65 60 60 59 80 63; 42; 49.9961; 16.9041
37 70 70 68 70 70 70 48 70 70 70 65 60 60 59; 42; 49.9961; 17.3848
37 70 70 68 70 70 70 48 70 70 70 65; 42; 49.9961; 18.1431
50 38 41; 32; 50.0129; 21.1705
50 38; 32; 49.9961; 22.1117
70 70 68 80 77; 42; 49.9961; 20.3738
70 70 68; 42; 49.9961; 21.5325
70 70 68 60 60 60 60 58; 42; 49.9961; 19.9382
70 70 68 70 70 70 48; 42; 49.9961; 20.0427
50 38 70 70 42; 48; 49.9961; 20.3848
50 38 70 70 42 50 35; 48; 49.9961; 19.4645
50 38 70 70 42 50 35 64; 48; 49.9961; 18.8812
50 38 70 70 42 80 80 64 70 70 47; 48; 49.9793; 18.1914
50 38 70 70 42 80 80 64 60 60 59 80 63; 48; 49.9961; 17.6547
50 38 70 70 42 80 80 64 60 60 59; 48; 49.9793; 18.2085
50 38 70 70 42 80 80 64; 48; 49.9961; 19.0788
41; 18; 50.0129; 22.5066
41 70 70 42 80 80 80 76 80 77; 48; 49.9961; 18.4688
41 70 70 42 80 80 80 76; 48; 49.9961; 19.1544
41 70 70 42 80 80 80 76 60 60 60 60 58; 48; 49.9961; 18.1071
41 70 70 42 60 60 60 60 60 53; 48; 49.9961; 19.0335
41 70 70 42; 48; 49.9961; 20.6902
41 70 70 42 50 35; 48; 49.9793; 19.677
41 70 70 42 50 35 64; 48; 49.9793; 19.0844
41 70 70 42 80 80 64 70 70 47; 48; 49.9961; 18.406
41 70 70 42 80 80 64 70 70 47 50 36; 48; 49.9961; 17.8336
41 70 70 42 80 80 64 60 60 59; 48; 49.9961; 18.3759
41 70 70 42 80 80 64; 48; 49.9961; 19.2995
50 38 70 70 68 80 77; 42; 49.9961; 19.642
50 38 70 70 68; 42; 50.0129; 20.5867
70 70 42 60 60 60 60 60 53 60 60 54; 48; 50.0129; 18.8717
70 70 42 60 60 60 60 60 53; 48; 49.9961; 19.7819
70 70 42; 48; 49.9961; 21.535
70 70 42 50 35; 48; 49.9961; 20.4689
70 70 42 50 35 64; 48; 49.9961; 19.8078
70 70 42 80 80 64 70 70 47; 48; 49.9961; 19.048
70 70 42 80 80 64 60 60 59 80 63; 48; 49.9961; 18.3939
70 70 42 80 80 64 60 60 59; 48; 49.9961; 19.0214
70 70 42 80 80 64; 48; 49.9961; 20.0964
80 77; 19; 49.9961; 22.006
80 80 80 66; 1; 50.0129; 21.5005
80 77 70 70 70 48; 34; 49.9961; 20.1172
80 77 80 80 80 76; 35; 49.9961; 19.9683
80 77 80 80 80 76 50 35; 37; 49.9961; 19.1063
80 77 80 80 80 76 50 35 64; 37; 49.9793; 18.5728
80 77 80 80 80 76 80 80 64 70 70 47; 44; 49.9961; 18.0258
80 77 80 80 80 76 80 80 64 60 60 59 80 63; 44; 49.9793; 17.5102
80 77 80 80 80 76 80 80 64 60 60 59; 44; 49.9961; 18.1195
80 77 80 80 80 76 80 80 64; 44; 49.9961; 18.9034
60 60 60 60 58; 10; 50.0129; 21.3957
70 70 70 48; 34; 50.0129; 21.3817
80 80 80 76; 35; 50.0129; 21.2314
80 80 80 76 50 35; 37; 49.9961; 19.9783
80 80 80 76 50 35 64; 37; 49.9961; 19.3568
70 70 70 48 70 70 70 65 70 70 47; 36; 49.9961; 18.57
70 70 70 48 70 70 70 65 60 60 59 80 63; 36; 49.9961; 17.9542
70 70 70 48 70 70 70 65 60 60 59; 36; 49.9961; 18.5338
70 70 70 48 70 70 70 65; 36; 49.9961; 19.518
60 60 54; 10; 50.0129; 21.862
60 60 54 60 60 60 60 60 53; 13; 49.9961; 19.7522
60 60 54 60 60 60 60 60 53 50 35; 37; 49.9961; 18.9407
60 60 54 60 60 60 60 60 53 50 35 64; 37; 49.9961; 18.4755
60 60 54 70 70 70 65 70 70 47; 36; 49.9961; 18.865
60 60 54 70 70 70 65 70 70 47 50 36; 36; 49.9961; 18.2271
60 60 54 70 70 70 65 60 60 59; 36; 49.9961; 18.8966
60 60 54 70 70 70 65; 36; 49.9961; 19.8962
60 60 60 60 60 53; 13; 49.9961; 20.877
60 60 60 60 60 53 50 35; 37; 49.9961; 20.0301
60 60 60 60 60 53 50 35 64; 37; 49.9793; 19.4772
70 70 70 65 70 70 47; 36; 50.0129; 20.0129
70 70 70 65 70 70 47 50 36; 36; 49.9961; 19.0866
70 70 70 65 60 60 59; 36; 49.9961; 19.8718
70 70 70 65; 36; 49.9961; 21.1475
50 35; 37; 50.0129; 22.1547
50 35 64; 37; 49.9961; 21.0563
80 80 64 70 70 47; 44; 49.9961; 20.1081
80 80 64 70 70 47 50 36; 44; 49.9961; 19.2615
80 80 64 60 60 59; 44; 50.0129; 20.2468
80 80 64; 44; 49.9961; 21.5614
64; 22; 50.0129; 22.4658
64 74; 22; 49.9961; 21.345
64 74 50 36; 22; 49.9961; 20.2769
50 35 80 80 64 60 60 59; 44; 49.9793; 19.3839
50 35 80 80 64; 44; 50.0129; 20.5199
74; 11; 49.9961; 22.4484
74 50 36; 14; 49.9961; 21.1069
74 50 36 80 63; 14; 49.9961; 20.1127
74 70 70 47; 46; 49.9793; 20.6723
50 36; 14; 50.0129; 22.1977
50 36 80 63; 14; 49.9961; 20.9123
70 70 47; 46; 49.9961; 21.587
80 63; 3; 50.0129; 22.145
50 36 70 70 47; 46; 49.9961; 20.5758
60 60 59; 25; 49.9961; 21.7416
70 70 70 68 70 70 68 80 77 60 54; 40; 50.0129; 18.4939
70 70 70 68 37; 26; 49.9961; 20.4679
80 64 60 60 70 70 68; 40; 50.0129; 19.5656
70 70 70 68 50 38 41; 27; 49.9961; 19.509
70 70 70 68 50 38; 25; 49.9961; 20.1486
80 64 60 54; 18; 49.9961; 20.8157
80 64 60 60; 26; 49.9961; 20.6892
80 64 60 60 60 60 60 60 58; 26; 49.9961; 19.1893
80 64 60 60 70 70 70 48; 40; 49.9961; 19.1602
70 70 70 68 50 38 70 70 42; 40; 49.9961; 19.0046
80 64 60 60 80 80 80 76 50 35; 37; 49.9961; 18.3724
80 64 60 60 80 80 80 76 50 35 64; 37; 49.9961; 17.9068
70 70 70 68 70 70 68 70 70 70 48 70 70 70 65 70 70 47; 43; 49.9961; 16.8426
70 70 70 68 70 70 68 80 80 80 76 80 80 64 70 70 47 50 36; 40; 49.9961; 16.4731
80 64 60 60 80 80 80 76 80 80 64 60 60 59; 39; 49.9961; 17.3936
70 70 70 68 70 70 68 70 70 70 48 70 70 70 65; 43; 49.9961; 17.4826
80 64 70 70 70 68 37; 26; 49.9961; 19.4028
80 64 70 70 70 68; 25; 49.9961; 20.0391
80 64 70 70 70 68 37 36; 26; 49.9961; 18.8381
60 60 80 80 80 76 70 70 42; 42; 49.9961; 18.9955
60 60 80 77; 26; 49.9961; 20.6867
60 54 80 77; 19; 50.0129; 20.8604
60 60 70 70 70 48 60 60 54; 40; 49.9961; 19.0084
60 60 60 60 60 60 58 60 60 54; 26; 49.9961; 19.1427
60 60 70 70 70 48 60 60 60 60 60 53; 40; 49.9961; 18.5378
60 60 80 80 80 76 50 35; 37; 49.9793; 19.083
60 54 80 77 80 80 80 76 50 35 64; 37; 49.9961; 18.0265
60 60 70 70 70 48 70 70 70 65 70 70 47; 43; 49.9793; 17.8037
60 60 70 70 70 48 70 70 70 65 70 70 47 50 36; 43; 49.9961; 17.3203
60 60 70 70 70 48 70 70 70 65 60 60 59; 43; 49.9793; 17.9045
60 54 80 77 70 70 70 48 70 70 70 65; 43; 49.9961; 18.13
36 41 50 38; 26; 49.9961; 20.3479
37 50 38 41; 27; 50.0129; 20.3817
37 50 38; 24; 49.9961; 21.148
37 70 70 68 80 77; 40; 49.9961; 19.6178
36 41 50 38 70 70 68; 40; 49.9961; 19.0842
37 70 70 68 80 77 80 80 80 66; 40; 49.9961; 18.5011
37 70 70 68 70 70 70 48; 40; 49.9793; 19.0962
36 41 70 70 42; 40; 49.9961; 19.971
36 41 70 70 42 50 35; 40; 49.9961; 19.1006
37 50 38 70 70 42 50 35 64; 40; 49.9961; 18.4014
36 41 70 70 42 80 80 64 70 70 47; 40; 49.9961; 17.9166
37 70 70 68 80 80 80 76 80 80 64 70 70 47 50 36; 40; 49.9961; 16.9108
37 70 70 68 80 80 80 76 80 80 64 60 60 59; 40; 49.9793; 17.3949
36 41 70 70 42 80 80 64; 40; 49.9961; 18.7963
50 38 41; 27; 49.9961; 21.0914
50 38; 24; 49.9961; 22.1113
70 70 68 60 60 60 54; 40; 49.9793; 19.4903
50 38 70 70 42 80 80 80 76; 40; 49.9961; 18.8714
70 70 68 80 77 80 80 80 66; 40; 49.9961; 19.0002
70 70 68 60 60 60 60 58 60 60 54; 40; 49.9961; 18.8825
50 38 70 70 42; 40; 49.9961; 20.4062
50 38 70 70 42 50 35; 40; 49.9961; 19.4922
50 38 70 70 42 50 35 64; 40; 49.9961; 18.9203
50 38 70 70 42 80 80 64 70 70 47; 40; 49.9793; 18.2208
70 70 68 80 80 80 76 80 80 64 70 70 47 50 36; 40; 49.9961; 17.2296
70 70 68 70 70 70 48 70 70 70 65 60 60 59; 43; 49.9793; 17.6956
70 70 68 80 80 80 76 80 80 64; 40; 49.9961; 18.5437
36 37 50 38; 24; 49.9961; 20.3898
41 50 38 70 70 68 80 77; 40; 49.9961; 18.9102
36 37 70 70 68; 40; 49.9961; 19.9502
41 70 70 42 60 60 60 60 60 53 60 60 54; 40; 49.9961; 18.1695
36 37 70 70 68 70 70 70 48; 40; 49.9961; 18.6347
36 37 70 70 68 80 80 80 76; 40; 49.9961; 18.5974
41 70 70 42 50 35; 40; 49.9961; 19.6815
41 70 70 42 50 35 64; 40; 49.9961; 19.0764
41 70 70 42 80 80 64 70 70 47; 40; 49.9793; 18.3776
41 70 70 42 50 35 64 74 50 36; 40; 49.9961; 17.9813
41 70 70 42 80 80 64 60 60 59; 40; 49.9961; 18.4495
41 70 70 42 80 80 64; 40; 49.9961; 19.3493
50 38 70 70 70 68 80 64 60 54; 26; 50.0129; 18.7656
70 70 42 80 80 80 76; 40; 49.9961; 19.6677
50 38 70 70 68 60 60 60 60 58; 40; 49.9961; 19.2211
50 38 70 70 68 70 70 70 48; 40; 49.9961; 19.0505
50 38 70 70 68 70 70 70 48 60 60 60 60 60 53; 40; 49.9961; 18.0015
70 70 42 50 35; 40; 49.9961; 20.5015
50 38 70 70 68 80 80 80 76 50 35 64; 40; 49.9961; 18.11
70 70 42 50 35 64 74; 40; 49.9793; 19.0876
70 70 42 80 80 64 60 60 59 80 63; 40; 49.9961; 18.3143
70 70 42 60 60 60 60 60 53 70 70 70 65 60 60 59; 43; 49.9961; 17.6828
70 70 42 80 80 64; 40; 49.9961; 20.1069
60 54 60 60; 26; 49.9961; 20.9459
80 80 80 66; 9; 50.0129; 21.3853
80 77 60 60 60 60 58 60 60 54; 19; 50.0129; 19.186
80 80 80 66 60 60 60 60 58 80 80 80 76; 37; 49.9961; 18.4392
80 77 70 70 70 48 60 60 60 60 60 53 50 35; 40; 49.9961; 17.9788
80 80 80 66 60 60 60 60 58 80 80 80 76 50 35 64; 37; 49.9961; 17.3874
80 77 70 70 70 48 70 70 70 65 70 70 47; 43; 49.9961; 17.8603
80 77 70 70 70 48 70 70 70 65 60 60 59 80 63; 43; 49.9961; 17.416
80 80 80 66 60 60 54 70 70 70 65 60 60 59; 43; 49.9961; 17.8803
80 77 80 80 80 76 80 80 64; 39; 49.9961; 18.8966
70 70 70 48 60 60 54; 40; 49.9961; 19.9745
60 60 60 60 58 60 60 54; 17; 50.0129; 20.0484
70 70 70 48 60 60 60 60 60 53; 40; 49.9961; 19.3302
80 80 80 76 50 35; 37; 50.0129; 20.2283
80 80 80 76 50 35 64; 37; 49.9961; 19.3644
70 70 70 48 70 70 70 65 70 70 47; 43; 50.0129; 18.7785
70 70 70 48 70 70 70 65 60 60 59 80 63; 43; 49.9961; 17.8854
70 70 70 48 70 70 70 65 60 60 59; 43; 49.9961; 18.5703
70 70 70 48 70 70 70 65; 43; 49.9961; 19.4889
80 80 80 66 80 77 70 70 70 48; 40; 49.9961; 19.1376
60 60 54 60 60 60 60 60 53; 20; 49.9961; 19.6522
60 60 60 60 58 80 80 80 76 50 35; 37; 49.9793; 18.8639
60 60 54 60 60 60 60 60 53 50 35 64; 37; 49.9961; 18.4321
60 60 54 70 70 70 65 70 70 47; 43; 49.9961; 18.8326
60 60 54 70 70 70 65 70 70 47 50 36; 43; 49.9961; 18.1432
60 60 54 70 70 70 65 60 60 59; 43; 49.9961; 18.8471
60 60 54 70 70 70 65; 43; 49.9961; 19.8324
60 60 60 60 60 53; 20; 49.9961; 20.9112
60 60 60 60 60 53 50 35; 37; 49.9961; 19.9712
60 60 60 60 60 53 50 35 64; 37; 49.9961; 19.3734
70 70 70 65 70 70 47; 43; 49.9961; 19.8886
60 60 60 60 60 53 80 80 64 70 70 47 50 36; 39; 49.9961; 17.9512
70 70 70 65 70 70 47 50 36 80 63; 43; 49.9961; 18.4755
70 70 70 48 80 80 80 76 80 80 64; 40; 49.9961; 18.3525
60 60 60 60 60 53 70 70 70 65 70 70 47 74 64; 43; 49.9961; 17.5777
80 80 64 70 70 47 74; 39; 49.9961; 19.358
80 80 64 70 70 47; 39; 49.9961; 19.9888
60 60 60 60 60 53 70 70 70 65 60 60 59 80 63; 43; 49.9961; 17.8686
80 80 64 60 60 59; 39; 50.0129; 20.2397
80 80 64; 39; 49.9961; 21.5066
64; 27; 50.0129; 22.4624
64 74; 27; 49.9961; 21.3404
64 74 50 36; 27; 49.9961; 20.2655
64 74 50 36 80 63; 27; 49.9961; 19.4001
50 35 80 80 64; 39; 49.9961; 20.386
64 50 35 80 80 64 70 70 47; 39; 49.9961; 18.7208
74 50 36; 21; 50.0129; 21.2146
74 50 36 80 63; 21; 49.9961; 20.1138
74 70 70 47; 40; 49.9961; 20.6181
70 70 47 60 60 59 80 63; 40; 49.9961; 19.2477
74 64 50 35 80 80 64 60 60 59; 39; 49.9961; 18.4326
74 64 50 35 80 80 64; 39; 50.0129; 19.1771
80 63; 11; 200.018; 22.165
50 36 70 70 47; 40; 49.9961; 20.4709
60 60 59; 32; 49.9961; 21.7335
70 70; 9; 50.0129; 22.1119
60 50; 25; 50.0129; 22.1154
70 70 70 50 35; 25; 50.0129; 20.7195
70 70 70; 8; 49.9961; 21.8198
70 70 50 45; 9; 49.9961; 20.8526
70 70 50 40; 24; 49.9961; 20.7829
60 50 50 45; 47; 49.9961; 20.7973
70 70 50 40 60 60; 34; 49.9961; 19.7799
60 50 50 45 55; 57; 49.9961; 19.9595
60 50 50 45 70 70 60; 51; 49.9961; 19.4229
60 50 50 45 55 60 50; 57; 49.9961; 19.106
60 50 50 45 55 60 60 60; 60; 49.9961; 18.8179
60 50 50 45 70 70 60 70 60; 51; 49.9961; 18.5703
60 50 50 45 55 60 60 60 80 80 80 80 80 60; 60; 49.9961; 17.474
60 50 50 45 55 60 60 60 60 60 60; 70; 49.9961; 17.9133
60 50 50 45 55 60 60 60 60 60 60 70 70 70; 70; 49.9961; 17.232
60 50 50 45 55 60 60 60 60 60 60 50 40; 70; 49.9961; 17.4114
60 50 50 45 55 60 60 60 80 80 80 80 80 60 70 70 70 70 70 70; 60; 49.9793; 16.6306
60 50 50 45 55 60 60 60 60 60 60 70 70 70 70 70; 70; 49.9961; 16.9785
60 50 50 45 55 60 60 60 60 60 60 50 40 70 70 60; 70; 49.9961; 16.8633
60 50; 5; 50.0129; 22.2007
60 50 50 40; 5; 50.0129; 21.0152
70 70 70 70 70; 13; 49.9961; 20.5613
50 45; 8; 50.0129; 22.1957
50 40; 24; 50.0129; 22.1613
50 40 70 60; 24; 49.9961; 20.8072
50 40 60 60; 34; 49.9961; 20.8059
50 40 80 70; 24; 49.9961; 20.6891
50 40 70 60 70 70 60; 51; 49.9961; 19.4296
50 40 80 70 60 50; 24; 49.9961; 19.7299
50 40 60 60 70 70 50; 40; 49.9961; 19.4795
50 40 70 60 70 70 60 70 60; 51; 49.9961; 18.6008
50 40 60 60 70 70 50 80 80 80 80 80 60; 40; 49.9961; 18.1412
50 40 60 60 70 70 50 60 60 60; 70; 49.9793; 18.5776
50 40 60 60 70 70 50 60 60 60 70 70 70; 70; 49.9793; 17.7918
50 40 60 60 70 70 50 60 60 60 50 40; 70; 49.9961; 17.9124
50 40 60 60 70 70 50 60 60 60 80 80 80 70; 70; 49.9961; 17.6014
50 40 60 60 70 70 50 60 60 60 70 70 70 70 70; 70; 49.9961; 17.4623
50 40 60 60 70 70 50 60 60 60 70 70 70 70 70 70 70 70; 70; 49.9793; 16.9166
50 40; 3; 50.0129; 22.2588
60 50 70 70 70; 20; 49.9961; 20.6036
60 50 50 45; 8; 49.9961; 20.9073
50 45 70 60; 47; 50.0129; 20.8533
50 45; 47; 49.9793; 21.9923
50 45 70 60 60 60; 47; 49.9793; 19.758
50 45 55; 57; 49.9961; 20.946
50 45 70 70 60; 51; 49.9961; 20.2816
50 45 55 60 50; 57; 49.9961; 20.0371
50 45 55 60 60 60; 60; 49.9961; 19.6402
50 45 70 70 60 70 60; 51; 49.9961; 19.3201
50 45 55 60 60 60 80 80 80 80 80 60; 60; 49.9961; 18.25
50 45 55 60 60 60 60 60 60; 70; 49.9961; 18.5582
50 45 55 60 60 60 60 60 60 70 70 70; 70; 49.9961; 17.8168
50 45 55 60 60 60 60 60 60 50 40; 70; 49.9961; 17.97
50 45 55 60 60 60 60 60 60 80 80 80 70; 70; 49.9961; 17.652
50 45 55 60 60 60 60 60 60 70 70 70 70 70; 70; 49.9961; 17.4953
50 45 55 60 60 60 60 60 60 50 40 70 70 60; 70; 49.9961; 17.3678
50 35; 26; 49.9961; 22.1729
50 40 60 50 50 45; 8; 49.9961; 20.002
50 45 70 60; 42; 49.9961; 20.7683
50 45; 42; 50.0129; 22.1281
50 45 55 60; 57; 49.9961; 20.2879
50 45 55; 57; 49.9961; 21
50 45 70 70 60; 51; 49.9961; 20.3879
50 45 55 60 50; 57; 49.9961; 19.9565
50 45 55 60 60 60; 60; 49.9961; 19.6203
50 45 70 70 60 70 60; 51; 49.9961; 19.3975
50 45 55 60 60 60 80 80 80 80 80 60; 60; 49.9793; 18.0762
50 45 70 70 60 70 60 70 70 60; 55; 49.9961; 18.3532
50 45 70 70 60 70 60 70 70 60 70 70 70; 55; 49.9961; 17.5817
50 45 70 70 60 70 60 70 70 60 50 40; 55; 49.9961; 17.7777
50 45 55 60 60 60 80 80 80 80 80 60 70 70 70 70 70 70; 60; 49.9961; 17.0268
50 45 70 70 60 70 60 70 70 60 70 70 70 70 70; 55; 49.9961; 17.3578
50 45 70 70 60 70 60 70 70 60 70 70 70 70 70 70 70 70; 55; 49.9793; 16.7779
70 70 70 70 70 50 45; 9; 49.9961; 19.7049
50 35 50 45 70 60; 42; 49.9961; 19.8461
50 35 50 45; 42; 49.9961; 20.8633
50 35 50 45 55 60; 57; 49.9793; 19.3673
50 35 50 45 55; 57; 49.9961; 19.9596
50 35 50 45 70 70 60; 51; 49.9961; 19.463
50 35 50 45 55 60 50; 57; 49.9961; 19.2272
50 35 50 45 55 60 60 60; 60; 49.9961; 18.9914
50 35 50 45 70 70 60 70 60; 51; 49.9961; 18.6262
50 35 50 45 55 60 60 60 80 80 80 80 80 60; 60; 49.9793; 17.8194
50 35 50 45 70 70 60 70 60 70 70 60; 55; 49.9961; 17.7549
50 35 50 45 70 70 60 70 60 70 70 60 70 70 70; 55; 49.9961; 17.1447
50 35 50 45 70 70 60 70 60 70 70 60 50 40; 55; 49.9961; 17.2409
50 35 50 45 70 70 60 70 60 70 70 60 80 80 80 70; 55; 49.9961; 16.9804
50 35 50 45 70 70 60 70 60 70 70 60 70 70 70 70 70; 55; 49.9961; 16.8816
50 35 50 45 70 70 60 70 60 70 70 60 50 40 70 70 60; 55; 49.9961; 16.8379
50 40; 24; 50.0129; 22.1709
50 40 70 60; 24; 49.9961; 20.7617
50 40 60 60; 34; 49.9961; 20.8366
50 40 80 70; 24; 49.9961; 20.7432
50 40 70 60 70 70 60; 51; 49.9793; 19.5398
50 40 80 70 60 50; 24; 49.9961; 19.7538
50 40 60 60 70 70 50; 40; 49.9961; 19.4906
50 40 80 70 60 50 60 60 50; 24; 49.9961; 18.8217
50 40 60 60 70 70 50 80 80 80 80 80 60; 40; 49.9961; 17.9945
50 40 60 60 70 70 50 60 60 60; 70; 49.9961; 18.4951
50 40 60 60 70 70 50 60 60 60 70 70 70; 70; 49.9961; 17.7642
50 40 60 60 70 70 50 60 60 60 50 40; 70; 49.9961; 17.9491
50 40 60 60 70 70 50 60 60 60 80 80 80 70; 70; 49.9961; 17.6229
50 40 60 60 70 70 50 60 60 60 70 70 70 70 70; 70; 49.9961; 17.5129
50 40 60 60 70 70 50 60 60 60 70 70 70 70 70 70 70 70; 70; 49.9793; 16.8671
70 60; 21; 49.9961; 22.0286
60 60; 34; 50.0129; 22.1127
80 70; 22; 50.0129; 22.0323
70 60 70 70 60; 51; 49.9793; 20.4146
80 70 60 50; 22; 49.9961; 20.7509
80 70 60 60 60; 60; 49.9961; 20.3434
80 70 60 50 60 60 50; 22; 49.9961; 19.642
80 70 60 60 60 80 80 80 80 80 60; 60; 49.9961; 18.5696
80 70 60 60 60 60 60 60; 70; 49.9793; 19.1675
80 70 60 60 60 60 60 60 70 70 70; 70; 49.9961; 18.3333
80 70 60 60 60 60 60 60 50 40; 70; 49.9961; 18.5602
80 70 60 60 60 80 80 80 80 80 60 70 70 70 70 70 70; 60; 49.9961; 17.4536
80 70 60 60 60 60 60 60 70 70 70 70 70; 70; 49.9961; 17.8835
80 70 60 60 60 60 60 60 70 70 70 70 70 70 70 70; 70; 49.9793; 17.2917
70 60 60 60; 34; 49.9961; 20.7481
55; 57; 50.0129; 22.4432
70 70 60; 51; 50.0129; 21.6698
55 60 50; 57; 49.9961; 21.1935
55 60 60 60; 60; 49.9961; 20.6745
70 70 60 70 60; 51; 49.9961; 20.3475
55 60 60 60 80 80 80 80 80 60; 60; 49.9961; 18.9007
70 70 60 70 60 70 70 60; 55; 49.9961; 19.0424
70 70 60 70 60 70 70 60 70 70 70; 55; 49.9961; 18.2464
70 70 60 70 60 70 70 60 50 40; 55; 49.9961; 18.4444
55 60 60 60 80 80 80 80 80 60 70 70 70 70 70 70; 60; 49.9793; 17.7748
70 70 60 70 60 70 70 60 70 70 70 70 70; 55; 49.9961; 17.8672
70 70 60 70 60 70 70 60 70 70 70 70 70 70 70 70; 55; 49.9961; 17.2851
60; 2; 1200.02; 22.5542
60 60 70 60 70 70 60; 51; 49.9961; 19.6387
70 70 50 60 60; 40; 50.0129; 20.5844
70 70 50; 40; 49.9961; 21.622
70 70 50 60 60 60 70 70 60; 70; 49.9961; 18.9531
70 70 50 80 80 80 80 80 60; 40; 49.9961; 19.2962
70 70 50 60 60 60; 70; 49.9961; 20.0427
70 70 50 60 60 60 70 70 70; 70; 49.9961; 18.9475
70 70 50 60 60 60 50 40; 70; 49.9961; 19.3233
70 70 50 60 60 60 80 80 80 70; 70; 49.9961; 18.8851
70 70 50 60 60 60 70 70 70 70 70; 70; 49.9793; 18.5933
70 70 50 60 60 60 50 40 70 70 60; 70; 49.9961; 18.5104
55 70 70 60; 60; 49.9961; 20.9044
60 50; 16; 50.0129; 22.145
60 60 60; 60; 50.0129; 21.7233
60 50 60 60 50; 16; 49.9961; 20.6173
60 60 60 80 80 80 80 80 60; 60; 49.9961; 19.3785
60 60 60 60 60 60; 70; 49.9961; 20.1385
60 60 60 60 60 60 70 70 70; 70; 49.9961; 19.0066
60 60 60 60 60 60 50 40; 70; 49.9961; 19.2656
60 60 60 80 80 80 80 80 60 70 70 70 70 70 70; 60; 49.9961; 17.8576
60 60 60 60 60 60 70 70 70 70 70; 70; 49.9961; 18.7502
60 60 60 60 60 60 50 40 70 70 60; 70; 49.9961; 18.5992
70 60 60 60 50; 48; 50.0129; 20.6013
70 60 70 70 60 60 60 60; 79; 49.9961; 19.1544
70 60; 48; 49.9961; 21.9395
70 60 70 70 60 80 80 80 70 70 70 70 70 70 70; 55; 49.9961; 17.5575
70 60 70 70 60; 55; 49.9961; 20.2447
70 60 70 70 60 70 70 70; 55; 49.9961; 19.1557
70 60 70 70 60 50 40; 55; 49.9793; 19.3829
70 60 70 70 60 80 80 80 70; 55; 49.9793; 18.9854
70 60 70 70 60 70 70 70 70 70; 55; 49.9793; 18.7512
70 60 70 70 60 70 70 70 70 70 70 70 70; 55; 49.9961; 18.0992
60 60; 2; 100.009; 22.2513
60 60 50; 14; 49.9961; 21.8133
60 60 80 80 80 80 80 60; 26; 49.9961; 19.6771
60 60 50 70 70 60; 55; 49.9961; 20.2195
60 60 50 70 70 60 70 70 70; 55; 49.9961; 19.0225
60 60 50 70 70 60 50 40; 55; 49.9961; 19.3174
60 60 80 80 80 80 80 60 70 70 70 70 70 70; 26; 49.9961; 18.1356
60 60 50 70 70 60 70 70 70 70 70; 55; 49.9961; 18.8152
60 60 50 70 70 60 70 70 70 70 70 70 70 70; 55; 49.9961; 18.066
60 60 60 70 70 60; 70; 50.0129; 20.2406
80 80 80 80 80 60; 26; 50.0129; 20.6585
60 60 60; 70; 49.9961; 21.5604
60 60 60 70 70 70; 70; 49.9961; 20.062
60 60 60 50 40; 70; 49.9961; 20.4222
60 60 60 80 80 80 70; 70; 49.9961; 20.0643
60 60 60 70 70 70 70 70; 70; 49.9961; 19.8122
60 60 60 70 70 70 70 70 70 70 70; 70; 49.9961; 18.9871
70 70 60 80 80 80 70 70 70 70 70 70 70; 55; 49.9961; 18.3147
70 70 60; 55; 49.9961; 21.5332
70 70 60 70 70 70; 55; 49.9961; 20.0504
70 70 60 50 40; 55; 49.9961; 20.3924
70 70 60 80 80 80 70; 55; 49.9793; 19.8702
70 70 60 70 70 70 70 70; 55; 49.9961; 19.5988
70 70 60 50 40 70 70 60; 55; 49.9793; 19.3911
70 70 70 70 70 70 80 80 80 70; 28; 50.0129; 19.3594
70 70 70 70 70 70 80 80 80 70 70 70 70; 28; 49.9961; 18.335
70 70 70 70 70 70 80 80 80 70 50 40; 33; 49.9961; 18.4951
70 70 70 70 70 70; 20; 49.9961; 20.6332
70 70 70 70 70 70 80 70; 20; 49.9961; 19.7837
70 70 70 70 70 70 80 70 70 70 70; 20; 50.0129; 18.975
70 70 70; 28; 50.0129; 21.7195
50 40; 33; 50.0129; 22.186
80 80 80 70; 24; 49.9961; 21.155
70 70 70 70 70; 40; 150.022; 21.2736
50 40 70 70 60; 33; 49.9961; 20.6611
50 50; 1; 100.009; 22.2878
70 70 70 80 80 80 70; 27; 49.9961; 19.9052
70 70 70 70 70 70 70 70; 40; 49.9961; 19.7845
50 50 70 70 60; 12; 49.9961; 20.7838
50 40 80 80 80 70; 45; 49.9961; 20.2271
50 40 70 70 70 70 70; 45; 49.9961; 20.1293
70 70 60; 12; 50.0129; 21.856
80 70; 3; 50.0129; 22.1468
80 70 70 70 70; 14; 49.9961; 20.6455
70 70 70; 14; 50.0129; 21.8433
70 70 70 50 35 50 45 70 60 50 40; 43; 50.0129; 18.3094
70 70 50 40 70 60 50 45; 49; 49.9961; 18.9582
70 70 50 40 70 60 50 45; 46; 49.9961; 18.9334
70 70 70; 20; 49.9961; 21.7222
60 50 50 45 70 60 50 40; 49; 49.9961; 18.9966
60 50 60 50 50 40; 46; 49.9961; 19.7708
70 70 70 50 35 50 45; 43; 49.9961; 19.6466
70 70 50 40 60 60; 46; 49.9961; 19.7102
70 70 50 40 70 60 55; 48; 49.9961; 19.0346
60 50 50 40 50 45 70 70 60; 49; 49.9961; 18.7428
70 70 50 40 80 70 60 50; 46; 49.9961; 18.7735
60 50 50 45 55 60 50 60 60; 49; 50.0129; 18.5506
60 50 50 45 55 60 50 60 60 50; 49; 49.9961; 18.2438
60 50 50 45 70 60 80 70 60 60 60 80 80 80 80 80 60; 49; 49.9961; 16.7145
70 70 50 45 50 40 60 60 70 70 50 60 60 60; 51; 50.0129; 17.5835
70 70 50 40 60 60 70 70 50 60 60 60 70 70 70; 51; 49.9961; 17.0751
60 50 50 45 55 60 60 60 60 60 60 70 70 70 50 50; 51; 49.9961; 16.7968
70 70 50 40 60 60 70 70 50 80 80 80 80 80 60 70 70 70 70 70 70; 49; 49.9961; 16.1958
70 70 50 40 80 70 60 60 60 60 60 60 70 70 70 70 70; 51; 49.9961; 16.8189
70 70 50 40 60 60 70 70 50 60 60 60 70 70 70 70 70 70 70 70; 51; 49.9961; 16.3121
60 50; 21; 100.009; 22.203
70 70 60 50 50 40; 25; 49.9961; 19.7706
70 70 60 50 50 40 50 35; 25; 49.9961; 19.0097
50 45; 8; 49.9961; 22.197
50 40; 46; 49.9793; 22.0093
60 50 50 45; 49; 49.9961; 20.8096
60 50 50 45 55 60; 49; 49.9961; 19.3482
60 50 50 45 55; 49; 49.9961; 19.9836
50 40 70 60 70 70 60; 49; 49.9961; 19.3705
50 45 50 40 80 70 60 50; 46; 49.9961; 18.9852
50 40 70 60 55 60 60 60; 49; 49.9961; 18.7739
50 45 50 40 80 70 60 50 60 60 50; 46; 49.9961; 18.1711
50 40 60 60 60 60 60 60 80 80 80 80 80 60; 49; 49.9793; 17.344
60 50 50 45 70 70 60 70 60 70 70 60; 50; 49.9961; 17.7866
50 40 60 60 70 70 50 60 60 60 50 40 50 50; 51; 49.9961; 17.31
50 40 60 60 70 70 50 60 60 60 50 40; 51; 49.9961; 17.7811
50 40 60 60 70 70 50 80 80 80 80 80 60 70 70 70 70 70 70; 49; 49.9793; 16.7465
50 40 80 70 60 60 60 80 80 80 80 80 60 70 70 70 70 70 70 80 70; 49; 49.9793; 16.2938
50 40 60 60 70 70 50 60 60 60 50 40 70 70 60; 51; 49.9961; 17.1634
60 50 70 70 70 70 70 50 35; 25; 49.9961; 18.9033
60 50 70 70 70; 24; 49.9961; 20.5656
50 45 70 60 50 40; 49; 49.9961; 19.6839
50 40 50 45 70 60; 43; 49.9961; 19.7609
50 40 50 45; 43; 49.9961; 20.7749
50 45 55 60; 49; 49.9961; 20.1844
60 50 50 40 80 70; 46; 49.9961; 19.6687
60 50 50 40 70 60 70 70 60; 49; 49.9961; 18.637
50 45 55 60 50; 49; 49.9793; 19.8646
50 40 50 45 55 60 60 60; 49; 49.9961; 18.8927
60 50 50 40 80 70 60 50 60 60 50; 46; 49.9961; 18.0567
60 50 50 40 80 70 60 60 60 80 80 80 80 80 60; 49; 49.9961; 17.2186
50 40 50 45 70 70 60 70 60 70 70 60; 50; 49.9961; 17.789
50 45 70 70 60 70 60 70 70 60 70 70 70; 50; 49.9793; 17.6323
50 45 70 70 60 70 60 70 70 60 50 40; 50; 49.9793; 17.7338
50 45 55 60 50 60 60 60 60 60 80 80 80 70; 51; 49.9961; 17.2472
50 45 70 70 60 70 60 70 70 60 70 70 70 70 70; 50; 49.9961; 17.2885
50 45 70 70 60 70 60 70 70 60 70 70 70 70 70 70 70 70; 50; 49.9961; 16.7221
50 45 50 45 60 50 70 70 70; 49; 49.9961; 18.7947
50 45 70 60 50 40; 43; 49.9961; 19.6729
50 40 60 50 50 40; 46; 49.9961; 19.8102
50 35 70 70 70 60 50 50 45; 49; 49.9793; 18.9634
50 45 70 60 60 60; 45; 49.9961; 19.6955
50 40 60 50 50 40 80 70; 46; 49.9961; 18.9525
50 45 55 60 50 60 60 50 70 60; 48; 49.9961; 18.3259
50 45 55 60 60 60 60 60; 49; 49.9961; 18.8686
50 45 55 60 60 60; 49; 49.9961; 19.6187
50 40 50 45 70 70 60 70 60; 49; 49.9961; 18.6971
50 45 55 60 70 70 50 80 80 80 80 80 60; 49; 49.9961; 17.5074
50 40 50 45 70 70 60 70 60 70 70 60; 50; 49.9961; 17.8079
50 40 50 45 70 70 60 70 60 70 70 60 70 70 70; 50; 49.9961; 17.188
50 45 55 60 60 60 60 60 60 70 70 70 50 50; 51; 49.9961; 17.2828
50 45 55 60 60 60 80 80 80 80 80 60 70 70 70 70 70 70; 49; 49.9961; 16.8225
50 45 55 60 60 60 60 60 60 70 70 70 70 70; 51; 49.9961; 17.496
50 45 70 70 60 70 60 70 70 60 70 70 70 70 70 70 70 70; 50; 49.9961; 16.7432
70 70 70 70 70 50 40 50 40; 46; 49.9961; 18.8345
50 35 50 45 70 60; 43; 49.9961; 19.8103
70 70 70 60 50 50 45; 49; 49.9961; 19.6464
50 35 50 45 55 80 70 60 60; 49; 49.9793; 18.3187
70 70 70 70 70 50 40 80 70; 46; 49.9961; 18.7505
70 70 70 70 70 50 40 70 60 70 70 60; 49; 49.9961; 17.9163
50 35 50 45 70 60 80 70 60 50; 46; 49.9793; 18.2071
50 35 50 45 55 60 50 60 60; 48; 49.9961; 18.4375
50 35 50 40 50 45 70 70 60 70 60; 49; 49.9961; 18.0836
50 35 50 45 55 60 60 60 80 80 80 80 80 60; 49; 49.9961; 17.3979
50 35 50 45 70 70 60 70 60 70 70 60; 50; 49.9793; 17.8787
70 70 70 60 50 50 45 55 60 60 60 60 60 60 70 70 70; 51; 49.9961; 16.7726
50 35 50 45 70 70 60 70 60 70 70 60 50 40; 50; 49.9961; 17.3192
50 35 50 45 70 70 60 70 60 70 70 60 80 80 80 70; 50; 49.9961; 17.1298
50 35 50 45 55 60 60 60 80 80 80 80 80 60 70 70 70 70 70 70 80 70; 49; 49.9961; 16.1014
50 35 50 45 55 60 60 60 60 60 60 50 40 70 70 60; 51; 49.9793; 16.8444
50 45 60 50 50 45 70 60; 49; 49.9961; 19.1067
50 45 60 50 50 45; 49; 49.9961; 19.8982
50 40 80 70 60; 46; 49.9961; 19.9784
50 45 60 50 50 45 55; 49; 49.9961; 19.224
50 45 60 50 50 45 70 70 60; 49; 49.9961; 18.8148
50 40 80 70 60 50; 46; 49.9961; 19.6276
50 40 80 70 60 50 60 60; 46; 49.9961; 18.8926
50 40 80 70 60 50 60 60 50; 46; 49.9961; 18.6934
50 40 60 60 70 70 50 80 80 80 80 80 60; 49; 49.9961; 17.7951
50 40 80 70 60 60 60 60 60 60; 51; 49.9961; 18.4543
50 40 60 60 70 70 50 60 60 60 50 40 50 50; 51; 49.9961; 17.3635
50 40 60 60 60 60 60 60 60 60 60 50 40; 51; 49.9961; 17.4488
50 40 80 70 60 60 60 80 80 80 80 80 60 70 70 70 70 70 70; 49; 49.9961; 16.6409
50 40 60 60 60 60 60 60 60 60 60 70 70 70 70 70; 51; 49.9961; 17.0184
50 40 60 60 60 60 60 60 60 60 60 50 40 70 70 60; 51; 49.9961; 16.9864
50 40 60 50 50 45; 49; 49.9961; 19.8961
80 70 60; 46; 50.0129; 21.0259
50 40 60 50 50 45 55; 49; 49.9961; 19.2658
70 60 70 70 60; 49; 49.9961; 20.329
60 60 70 70 50 60 60; 45; 49.9961; 19.5151
80 70 60 70 70 50; 46; 49.9793; 19.5635
80 70 60 50 60 60 50; 46; 49.9961; 19.46
60 60 70 70 50 80 80 80 80 80 60; 49; 49.9961; 18.4517
80 70 60 50 60 60 50 70 70 60; 50; 49.9961; 18.3967
60 60 70 70 50 60 60 60 70 70 70; 51; 49.9961; 18.2848
60 60 70 70 50 60 60 60 50 40; 51; 49.9961; 18.4962
60 60 70 70 50 80 80 80 80 80 60 70 70 70 70 70 70; 49; 49.9961; 17.1532
80 70 60 60 60 80 80 80 80 80 60 70 70 70 70 70 70 80 70; 49; 49.9793; 16.6679
60 60 70 70 50 80 80 80 80 80 60 70 70 70 70 70 70 80 70 70 70 70; 49; 49.9961; 16.1323
70 60 80 70 60; 46; 49.9793; 19.8638
70 60 60 60 60; 45; 49.9961; 19.8837
55 60 50 60 60 50 70 60; 48; 49.9961; 18.9011
70 60 80 70 60 50; 46; 49.9961; 19.6041
70 60 80 70 60 60 60; 49; 49.9961; 19.459
70 70 60 70 60; 49; 50.0129; 20.4838
55 60 60 60 80 80 80 80 80 60; 49; 49.9961; 18.6856
55 60 60 60 60 60 60; 51; 49.9961; 19.3918
70 70 60 70 60 70 70 60 70 70 70; 50; 49.9961; 18.2729
70 70 60 70 60 70 70 60 50 40; 50; 49.9961; 18.3976
70 60 60 60 70 70 50 80 80 80 80 80 60 70 70 70 70 70 70; 49; 49.9961; 16.8044
70 70 60 70 60 70 70 60 70 70 70 70 70; 50; 49.9961; 17.8818
70 70 60 70 60 70 70 60 50 40 70 70 60; 50; 49.9961; 17.6245
60; 31; 50.0129; 22.4757
60 60 80 70 55 70 70 60; 49; 49.9793; 18.8888
60 60 60 60 60 60; 49; 49.9961; 19.7204
60 60 80 70 60 60 60; 49; 49.9961; 19.3578
70 70 50 60 60 60 60 50; 44; 49.9961; 19.2896
60 60 50 60 60 80 80 80 80 80 60; 49; 49.9793; 18.1095
60 60 80 70 60 60 60 60 60 60; 51; 49.9961; 18.5394
70 70 50 60 60 60 50 40 50 50; 51; 49.9961; 18.5607
60 60 60 60 60 60 60 70 70 70 50 50; 51; 49.9793; 18.1198
70 70 50 80 80 80 80 80 60 70 70 70 70 70 70; 49; 49.9961; 17.6664
70 70 50 80 80 80 80 80 60 70 70 70 70 70 70 80 70; 49; 49.9961; 17.2426
70 70 50 60 60 60 70 70 70 70 70 70 70 70; 51; 49.9793; 17.865
60 50 60 60 50 70 60; 45; 49.9961; 19.4974
60 50; 43; 49.9961; 21.9845
60 50 60 60; 43; 49.9961; 20.7381
60 50 60 60 50; 43; 49.9961; 20.4282
60 60 60 80 80 80 80 80 60; 49; 50.0129; 19.4238
60 60 60 80 80 80 80 80 60 70 70 70 70 70 70 80 80 80 70; 49; 49.9961; 17.0569
60 50 60 60 50 70 70 60 70 70 70; 50; 49.9793; 18.3413
60 60 60 60 60 60 50 40; 51; 49.9961; 19.2946
60 60 60 80 80 80 80 80 60 70 70 70 70 70 70; 49; 49.9961; 17.6686
60 70 70 50 60 60 60 70 70 70 70 70; 51; 49.9961; 18.1768
60 50 60 60 50 70 70 60 50 40 70 70 60; 50; 49.9961; 17.9006
70 70 60 70 60 80 70 60 50; 46; 49.9961; 18.7581
70 70 60 70 60 60 60 70 70 50; 46; 49.9793; 18.6283
70 60; 43; 49.9961; 21.9581
70 60 60 60 50 60 60 80 80 80 80 80 60; 49; 49.9961; 17.8685
70 70 60 70 60 60 60 70 70 50 60 60 60; 51; 49.9961; 17.8926
70 60 70 70 60 70 70 70; 50; 49.9961; 19.1424
70 60 70 70 60 70 70 70 70 70 70 70 70 70 70 60; 50; 49.9961; 17.2892
70 60 70 70 60 80 80 80 70; 50; 49.9961; 18.9243
70 60 60 60 50 60 60 60 60 60 70 70 70 70 70; 51; 49.9793; 17.5557
70 60 70 70 60 50 40 70 70 60; 50; 49.9961; 18.4445
60 60; 30; 49.9961; 22.0781
60 50 55 70 70 60 70 60; 49; 49.9961; 18.9764
60 50 60 70 70 50 80 80 80 80 80 60; 49; 50.0129; 18.2677
60 50 60 70 70 50 60 60 60; 51; 49.9961; 18.7954
60 60 50 70 70 60 50 40 50 50; 50; 50.0129; 18.7754
60 60 50 70 70 60 50 40; 50; 49.9961; 19.2775
60 60 80 80 80 80 80 60 70 70 70 70 70 70; 49; 49.9961; 17.8934
60 60 50 70 70 60 70 70 70 70 70; 50; 49.9961; 18.7255
60 60 60 60 60 50 40 70 70 60; 51; 49.9961; 18.5447
60 60 60 60 50; 36; 49.9961; 20.5445
80 80 80 80 80 60; 49; 49.9961; 20.3272
60 60 60 60 50 70 70 60; 50; 49.9961; 19.3016
60 60 60 50 40 50 50; 51; 49.9961; 19.6323
60 60 60 70 70 70 50 50; 51; 49.9961; 19.2606
60 60 60 70 70 70 70 70 80 70; 51; 49.9961; 18.8504
60 60 60 60 50 70 70 60 70 70 70 70 70; 50; 49.9793; 18.1502
80 80 80 80 80 60 70 70 70 70 70 70 80 70 70 70 70; 49; 49.9961; 17.3831
60 60 50 60 60 80 80 80 80 80 60; 49; 49.9793; 18.628
60 60 50 60 60 60 60 60; 51; 49.9961; 19.2882
70 70 60 50 40 50 50; 50; 49.9961; 19.5241
70 70 60 50 40; 50; 49.9961; 20.3318
60 60 50 60 60 80 80 80 80 80 60 70 70 70 70 70 70; 49; 49.9961; 17.5444
70 70 60 50 40 70 70 60 70 70 70; 50; 49.9961; 18.4017
70 70 60 70 70 70 70 70 70 70 70; 50; 49.9961; 18.7335
70 70 70 70 70 70 80 80 80 70; 37; 50.0129; 19.3172
70 70 70 70 70 70 80 70 70 70 70 70 70 70 70 70; 37; 49.9961; 17.5741
70 70 70 70 70 70 80 80 80 70 50 40; 40; 49.9961; 18.443
70 70 70 70 70 70; 37; 49.9961; 20.5764
70 70 70 70 70 70 80 70; 37; 49.9961; 19.5383
70 70 70 70 70 70 80 70 70 70 70; 37; 49.9961; 18.6151
70 70 70; 29; 50.0129; 21.7129
70 70 70 70 70 70 70 70 70 70 60; 34; 49.9961; 18.6692
80 80 80 70; 23; 50.0129; 21.3239
50 40 70 70 60 70 70 70; 40; 49.9961; 19.3787
50 40 70 70 60; 40; 49.9961; 20.4156
70 70 70 70 70 70 70 70 70 70 70 70 70 60; 34; 49.9961; 17.877
50 50 50 40 80 80 80 70; 45; 49.9961; 19.3328
70 70 70 70 70 70 70 70; 34; 49.9961; 19.7058
70 70 70 80 80 80 70 80 70 70 70 70; 29; 49.9961; 18.2222
70 70 60 70 70 70 70 70 70 70 70 80 80 80 70; 36; 49.9793; 17.7852
50 40 80 80 80 70 80 70; 45; 49.9961; 19.3135
70 70 60; 26; 150.022; 21.8367
80 80 80 70 70 70 70 70 70; 34; 49.9961; 19.3904
80 80 80 70 50 40 70 70 60; 40; 49.9961; 19.0999
70 70 70 70 70 50 40 70 70 60; 40; 49.9793; 18.8554